,Dataset,Normalizer,Featurizer,ICC,icc_mean,icc_std,icc_max,icc_median,icc_values
0,IPCAS_1_deter_csa_con_ROIv_scale60,max,bag_of_edges,icc,0.377093359253,0.294281454873,0.9769,0.36785,"[0.71619999999999995, 0.50180000000000002, 0.00089999999999999998, 0.70020000000000004, 0.53220000000000001, 0.75509999999999999, 0.47570000000000001, 0.3402, 0.8175, 0.38690000000000002, 0.3972, 0.25180000000000002, 0.0487, 0.056099999999999997, 0.053900000000000003, 0.2291, 0.051200000000000002, 0.27489999999999998, 0.62319999999999998, 0.48230000000000001, 0.40660000000000002, 0.57350000000000001, -0.0499, 0.012, -0.00040000000000000002, 0.25659999999999999, 0.088999999999999996, 0.086300000000000002, 0.35220000000000001, 0.318, 0.4728, 0.67320000000000002, 0.49790000000000001, 0.2082, 0.50419999999999998, 0.58640000000000003, 0.443, 0.36230000000000001, 0.14319999999999999, 0.6845, 0.84419999999999995, 0.186, 0.43130000000000002, 0.4335, -0.10100000000000001, 0.47010000000000002, 0.78120000000000001, 0.53769999999999996, 0.73229999999999995, 0.76019999999999999, 0.72750000000000004, 0.65129999999999999, 0.86939999999999995, 0.13159999999999999, 0.47289999999999999, 0.82189999999999996, 0.24460000000000001, 0.64449999999999996, 0.093600000000000003, 0.41389999999999999, 0.6885, 0.3775, 0.056399999999999999, 0.22370000000000001, 0.62109999999999999, 0.39400000000000002, 0.4294, 0.49769999999999998, 0.054899999999999997, 0.3256, 0.068099999999999994, 0.14599999999999999, 0.071999999999999995, 0.056899999999999999, -0.068099999999999994, 0.27689999999999998, 0.58040000000000003, 0.49730000000000002, 0.20630000000000001, 0.1673, -0.041500000000000002, -0.055599999999999997, 0.0, -0.0134, -0.0067999999999999996, 0.099599999999999994, 0.043999999999999997, 0.72399999999999998, 0.4279, 0.64980000000000004, 0.083299999999999999, 0.019599999999999999, 0.8397, 0.75629999999999997, 0.0066, 0.32500000000000001, 0.9073, 0.26229999999999998, -0.052900000000000003, -0.1837, -0.13059999999999999, -0.0516, -0.092700000000000005, 0.19350000000000001, 0.15260000000000001, 0.1255, 0.20519999999999999, -0.1275, -0.058500000000000003, -0.0011999999999999999, 0.0054000000000000003, -0.041799999999999997, 0.049099999999999998, 0.79259999999999997, 0.56430000000000002, 0.71499999999999997, 0.12670000000000001, 0.67490000000000006, 0.1552, 0.1754, 0.56379999999999997, 0.47360000000000002, 0.32519999999999999, 0.26419999999999999, 0.13639999999999999, 0.31740000000000002, 0.24460000000000001, 0.14630000000000001, 0.41839999999999999, 0.58720000000000006, 0.47460000000000002, 0.35770000000000002, 0.2334, 0.061899999999999997, -0.024400000000000002, 0.37790000000000001, 0.076700000000000004, -0.058299999999999998, 0.19089999999999999, 0.1734, 0.25950000000000001, 0.64780000000000004, 0.79279999999999995, 0.31680000000000003, 0.0121, 0.1366, 0.20960000000000001, -0.00050000000000000001, 0.035200000000000002, 0.17460000000000001, 0.246, -0.024400000000000002, 0.38479999999999998, 0.27179999999999999, 0.38179999999999997, 0.033599999999999998, -0.0528, 0.24490000000000001, 0.75070000000000003, 0.80710000000000004, 0.73119999999999996, 0.57199999999999995, 0.28820000000000001, 0.64580000000000004, 0.58599999999999997, 0.25669999999999998, 0.55469999999999997, 0.77349999999999997, 0.075200000000000003, 0.80910000000000004, 0.36209999999999998, 0.64100000000000001, 0.66169999999999995, -0.0099000000000000008, 0.010200000000000001, -0.0717, 0.082000000000000003, 0.79659999999999997, 0.68540000000000001, 0.55230000000000001, -0.020400000000000001, 0.059499999999999997, 0.23280000000000001, 0.17610000000000001, 0.1328, 0.1701, 0.0045999999999999999, 0.34449999999999997, 0.71030000000000004, 0.1948, -0.025899999999999999, 0.1691, 0.25159999999999999, 0.63970000000000005, -0.0, 0.14899999999999999, -0.032300000000000002, 0.030499999999999999, 0.018100000000000002, -0.028299999999999999, 0.14829999999999999, 0.0044000000000000003, -0.018800000000000001, 0.0178, 0.4531, 0.57079999999999997, 0.36320000000000002, 0.21879999999999999, 0.54679999999999995, -0.039600000000000003, 0.078399999999999997, -0.108, -0.043200000000000002, 0.59760000000000002, 0.019699999999999999, 0.025100000000000001, -0.1132, 0.30530000000000002, 0.2737, -0.050299999999999997, -0.033700000000000001, 0.1142, 0.13100000000000001, 0.052200000000000003, 0.1449, 0.098799999999999999, 0.1038, -0.064600000000000005, 0.56640000000000001, 0.50660000000000005, 0.82520000000000004, 0.64070000000000005, 0.39510000000000001, 0.47889999999999999, 0.1903, 0.26169999999999999, 0.38679999999999998, 0.3291, 0.1048, 0.40400000000000003, 0.0051999999999999998, 0.63959999999999995, 0.1268, 0.26979999999999998, 0.00089999999999999998, 0.23860000000000001, 0.33460000000000001, 0.087999999999999995, 0.2084, 0.26869999999999999, 0.35639999999999999, 0.42670000000000002, 0.56459999999999999, 0.66469999999999996, 0.89339999999999997, 0.31730000000000003, 0.15740000000000001, 0.79210000000000003, 0.51819999999999999, 0.33779999999999999, 0.40720000000000001, 0.52559999999999996, 0.6079, 0.78539999999999999, 0.53220000000000001, 0.59140000000000004, 0.24540000000000001, 0.48199999999999998, 0.43440000000000001, 0.59830000000000005, 0.3745, 0.54810000000000003, 0.626, 0.32469999999999999, 0.35260000000000002, 0.71289999999999998, 0.2954, 0.57179999999999997, 0.76829999999999998, 0.059299999999999999, 0.1424, 0.1197, 0.16250000000000001, 0.43790000000000001, 0.502, 0.44800000000000001, -0.076600000000000001, 0.52359999999999995, 0.57730000000000004, 0.51380000000000003, 0.15709999999999999, 0.17860000000000001, 0.2228, 0.10680000000000001, 0.34560000000000002, -0.0067999999999999996, -0.033799999999999997, -0.1075, 0.0246, 0.29870000000000002, 0.051499999999999997, 0.25840000000000002, 0.12740000000000001, 0.11940000000000001, -0.125, -0.0, -0.050999999999999997, 0.42530000000000001, 0.030800000000000001, 0.051999999999999998, 0.54559999999999997, 0.48949999999999999, 0.22800000000000001, -0.072300000000000003, 0.17419999999999999, 0.89249999999999996, 0.60240000000000005, 0.19769999999999999, 0.41749999999999998, 0.85929999999999995, 0.89870000000000005, 0.066600000000000006, 0.085599999999999996, -0.034200000000000001, -0.028899999999999999, 0.2077, 0.186, 0.1105, 0.40539999999999998, 0.75590000000000002, 0.2079, -0.048099999999999997, 0.042799999999999998, -0.091700000000000004, 0.055399999999999998, -0.20419999999999999, 0.75900000000000001, -0.055599999999999997, 0.4123, -0.061199999999999997, 0.37509999999999999, 0.55120000000000002, 0.82750000000000001, -0.0088000000000000005, 0.047800000000000002, 0.47439999999999999, 0.22239999999999999, 0.0877, 0.57099999999999995, 0.35449999999999998, 0.3206, 0.81210000000000004, 0.2883, 0.32229999999999998, 0.32219999999999999, -0.0020999999999999999, -0.034099999999999998, -0.028400000000000002, 0.192, -0.073599999999999999, 0.26019999999999999, 0.012999999999999999, 0.63390000000000002, 0.34200000000000003, 0.86780000000000002, -0.088099999999999998, 0.1104, 0.121, 0.70479999999999998, 0.45710000000000001, 0.53210000000000002, 0.18629999999999999, 0.45290000000000002, 0.499, 0.31790000000000002, 0.36890000000000001, -0.042900000000000001, 0.0, 0.13880000000000001, 0.55569999999999997, 0.35489999999999999, 0.52549999999999997, 0.40600000000000003, 0.94950000000000001, 0.30199999999999999, 0.43140000000000001, -0.01, 0.27910000000000001, 0.5272, -0.0339, 0.52110000000000001, 0.029600000000000001, 0.32300000000000001, 0.53500000000000003, 0.18859999999999999, 0.52649999999999997, -0.034799999999999998, 0.0516, 0.70860000000000001, 0.70099999999999996, 0.26910000000000001, -0.038800000000000001, -0.041700000000000001, -0.046300000000000001, -0.021899999999999999, -0.061699999999999998, -0.066699999999999995, 0.0, 0.38019999999999998, 0.34089999999999998, 0.26840000000000003, 0.1618, 0.1242, -0.079500000000000001, nan, -0.0, 0.044200000000000003, 0.19639999999999999, 0.0080999999999999996, -0.062600000000000003, 0.0063, 0.3831, -0.029499999999999998, 0.25040000000000001, 0.1716, 0.39779999999999999, 0.57279999999999998, 0.0195, 0.81469999999999998, 0.24809999999999999, 0.0344, 0.093700000000000006, -0.14610000000000001, 0.15679999999999999, 0.0, -0.061499999999999999, -0.045400000000000003, 0.5887, -0.1106, 0.080100000000000005, -0.1542, 0.1709, -0.039699999999999999, -0.049200000000000001, -0.069699999999999998, -0.049599999999999998, 0.46710000000000002, 0.087800000000000003, -0.0693, 0.25769999999999998, 0.44369999999999998, 0.84389999999999998, 0.5786, -0.0229, 0.11360000000000001, 0.23619999999999999, 0.093200000000000005, 0.41549999999999998, 0.37190000000000001, 0.15479999999999999, 0.90000000000000002, 0.72350000000000003, 0.62790000000000001, 0.55559999999999998, -0.0137, 0.24510000000000001, -0.0070000000000000001, -0.022599999999999999, -0.0023999999999999998, 0.21840000000000001, 0.25819999999999999, 0.38769999999999999, 0.82240000000000002, 0.54730000000000001, 0.4133, 0.58520000000000005, 0.255, 0.0057999999999999996, 0.14369999999999999, 0.2868, 0.016, 0.40439999999999998, 0.0061999999999999998, 0.37569999999999998, 0.35949999999999999, 0.12540000000000001, -0.044699999999999997, 0.17480000000000001, 0.45629999999999998, 0.37440000000000001, 0.71909999999999996, 0.76190000000000002, 0.32540000000000002, 0.36630000000000001, 0.74099999999999999, -0.0167, 0.32650000000000001, 0.76160000000000005, 0.2059, 0.85970000000000002, 0.4415, 0.59809999999999997, 0.58260000000000001, 0.2223, 0.69130000000000003, 0.071199999999999999, 0.46560000000000001, 0.88939999999999997, 0.71650000000000003, 0.3211, -0.0118, 0.38619999999999999, 0.0177, 0.33479999999999999, 0.050799999999999998, 0.19650000000000001, -0.11600000000000001, 0.26300000000000001, 0.57669999999999999, 0.1119, 0.0693, 0.0091999999999999998, -0.067799999999999999, -0.0521, -0.067500000000000004, 0.12820000000000001, 0.45590000000000003, 0.049399999999999999, -0.0147, 0.12520000000000001, -0.0099000000000000008, -0.011900000000000001, 0.14660000000000001, 0.036400000000000002, 0.24729999999999999, 0.51849999999999996, 0.36699999999999999, 0.30109999999999998, 0.55789999999999995, 0.2069, 0.3896, 0.18740000000000001, 0.014800000000000001, 0.18060000000000001, 0.099099999999999994, 0.14599999999999999, -0.001, -0.2276, 0.083199999999999996, -0.1022, 0.33100000000000002, 0.58919999999999995, 0.22720000000000001, 0.51480000000000004, 0.2913, 0.019599999999999999, 0.064799999999999996, 0.24179999999999999, 0.11210000000000001, 0.51359999999999995, 0.43459999999999999, -0.054800000000000001, -0.056899999999999999, -0.1099, -0.0511, 0.053400000000000003, 0.048099999999999997, -0.1452, 0.76839999999999997, 0.29820000000000002, 0.082400000000000001, 0.0349, 0.1457, -0.034700000000000002, -0.021600000000000001, 0.0, 0.051900000000000002, -0.040000000000000001, 0.082699999999999996, -0.045499999999999999, 0.1065, -0.0814, 0.17499999999999999, 0.041200000000000001, 0.16, 0.1676, 0.34360000000000002, 0.1114, -0.069000000000000006, 0.021999999999999999, 0.0045999999999999999, -0.043999999999999997, 0.0275, -0.089399999999999993, -0.090399999999999994, 0.4577, 0.1424, -0.0117, -0.049099999999999998, 0.2273, -0.0146, -0.039600000000000003, 0.28670000000000001, -0.0, -0.085999999999999993, 0.20349999999999999, 0.24360000000000001, 0.54520000000000002, 0.078100000000000003, 0.6724, 0.64539999999999997, -0.1013, 0.18840000000000001, 0.069000000000000006, -0.039, 0.6895, 0.23860000000000001, 0.57150000000000001, -0.0057999999999999996, 0.10680000000000001, -0.0339, -0.076700000000000004, -0.025899999999999999, 0.0, -0.0, 0.12529999999999999, 0.41999999999999998, 0.40489999999999998, 0.041000000000000002, -0.053400000000000003, -0.035999999999999997, nan, nan, -0.0019, -0.0, 0.12470000000000001, -0.0030000000000000001, -0.0504, -0.032000000000000001, -0.1537, -0.053600000000000002, 0.032199999999999999, 0.36820000000000003, 0.075899999999999995, 0.754, -0.0292, 0.0012999999999999999, 0.28079999999999999, -0.10639999999999999, -0.1227, -0.0, 0.0, -0.0292, 0.065799999999999997, -0.10390000000000001, -0.029999999999999999, 0.25130000000000002, -0.041399999999999999, -0.0018, 0.46139999999999998, 0.3367, 0.73839999999999995, 0.54510000000000003, 0.56999999999999995, 0.82110000000000005, 0.68989999999999996, 0.66249999999999998, 0.71499999999999997, 0.83709999999999996, 0.55200000000000005, 0.5373, 0.32819999999999999, 0.44500000000000001, 0.57379999999999998, 0.34050000000000002, 0.84489999999999998, 0.65600000000000003, 0.90869999999999995, 0.71099999999999997, 0.3841, 0.60609999999999997, 0.37380000000000002, 0.66649999999999998, 0.79720000000000002, 0.3604, 0.44950000000000001, 0.75080000000000002, 0.54300000000000004, 0.73470000000000002, 0.58760000000000001, 0.39860000000000001, 0.57499999999999996, 0.61150000000000004, 0.15909999999999999, 0.60270000000000001, 0.1142, 0.37169999999999997, 0.65149999999999997, 0.46629999999999999, 0.40510000000000002, 0.42470000000000002, -0.023900000000000001, 0.1615, 0.62649999999999995, 0.68200000000000005, 0.80010000000000003, 0.7349, 0.56179999999999997, 0.74380000000000002, 0.76149999999999995, 0.0035999999999999999, 0.60089999999999999, 0.63680000000000003, 0.21149999999999999, 0.31280000000000002, 0.43030000000000002, 0.18149999999999999, 0.42899999999999999, 0.78920000000000001, 0.73580000000000001, 0.45479999999999998, 0.48080000000000001, 0.56940000000000002, 0.56669999999999998, 0.54549999999999998, 0.67530000000000001, 0.7288, 0.74590000000000001, 0.26340000000000002, 0.4672, 0.0011000000000000001, 0.74129999999999996, 0.16039999999999999, 0.68730000000000002, 0.3291, 0.21859999999999999, 0.57389999999999997, 0.14430000000000001, 0.15479999999999999, 0.0235, -0.095500000000000002, 0.1032, 0.40810000000000002, 0.53659999999999997, 0.45229999999999998, 0.00089999999999999998, 0.49859999999999999, 0.30680000000000002, 0.021299999999999999, 0.94499999999999995, 0.25679999999999997, 0.43209999999999998, 0.44700000000000001, 0.50049999999999994, 0.1246, 0.4466, 0.41160000000000002, -0.069699999999999998, 0.52829999999999999, -0.0465, 0.30309999999999998, 0.49049999999999999, 0.27929999999999999, 0.42009999999999997, 0.54379999999999995, 0.032000000000000001, 0.31950000000000001, 0.0877, 0.1288, 0.4904, 0.80220000000000002, 0.66830000000000001, 0.69440000000000002, 0.77190000000000003, 0.77270000000000005, 0.78139999999999998, 0.73219999999999996, 0.75719999999999998, 0.63460000000000005, 0.68100000000000005, 0.25950000000000001, -0.067100000000000007, 0.70450000000000002, 0.62970000000000004, 0.28249999999999997, 0.60540000000000005, 0.6351, 0.80630000000000002, 0.91769999999999996, 0.75480000000000003, 0.82579999999999998, 0.73740000000000006, 0.877, 0.66679999999999995, 0.72230000000000005, 0.45879999999999999, 0.16300000000000001, 0.1142, 0.46160000000000001, 0.2631, 0.41539999999999999, 0.66100000000000003, 0.52539999999999998, 0.52559999999999996, 0.82010000000000005, 0.21909999999999999, 0.37280000000000002, 0.023, 0.2329, 0.62180000000000002, 0.67220000000000002, 0.56559999999999999, 0.54700000000000004, 0.75249999999999995, 0.50790000000000002, 0.073099999999999998, 0.71409999999999996, 0.77700000000000002, 0.58179999999999998, 0.48599999999999999, 0.65669999999999995, 0.37230000000000002, 0.5655, 0.0047999999999999996, 0.65359999999999996, 0.64690000000000003, 0.63290000000000002, 0.58169999999999999, 0.12959999999999999, 0.34889999999999999, 0.14019999999999999, 0.57630000000000003, 0.72889999999999999, 0.57720000000000005, 0.39229999999999998, 0.80020000000000002, 0.30320000000000003, 0.66759999999999997, 0.58150000000000002, -0.064799999999999996, 0.39389999999999997, 0.8377, 0.82199999999999995, 0.29530000000000001, 0.66049999999999998, 0.50429999999999997, 0.12920000000000001, 0.1346, 0.52390000000000003, 0.1384, 0.39090000000000003, 0.089899999999999994, 0.1736, 0.48020000000000002, 0.34710000000000002, 0.27179999999999999, -0.035999999999999997, 0.25580000000000003, 0.077700000000000005, 0.42749999999999999, 0.015699999999999999, 0.88949999999999996, 0.37940000000000002, -0.1113, -0.080399999999999999, -0.051299999999999998, 0.25, 0.27379999999999999, 0.16289999999999999, 0.25600000000000001, 0.21959999999999999, 0.1348, 0.1158, 0.12239999999999999, 0.51700000000000002, 0.41720000000000002, 0.83720000000000006, 0.47399999999999998, 0.82279999999999998, 0.84830000000000005, 0.78180000000000005, 0.83379999999999999, 0.80220000000000002, 0.72360000000000002, 0.57069999999999999, 0.32740000000000002, 0.33439999999999998, 0.7974, 0.96970000000000001, 0.69130000000000003, 0.063600000000000004, 0.56569999999999998, 0.65410000000000001, 0.81930000000000003, 0.85460000000000003, 0.53610000000000002, 0.64219999999999999, 0.6099, 0.76929999999999998, 0.67979999999999996, 0.6069, 0.85680000000000001, 0.65690000000000004, 0.27179999999999999, 0.15049999999999999, 0.70550000000000002, 0.54449999999999998, 0.071499999999999994, 0.082600000000000007, 0.34329999999999999, 0.20830000000000001, 0.57709999999999995, -0.0094999999999999998, 0.1719, 0.67400000000000004, 0.64490000000000003, 0.27060000000000001, 0.42259999999999998, 0.55740000000000001, 0.47539999999999999, 0.46229999999999999, 0.15820000000000001, 0.62239999999999995, 0.85040000000000004, 0.2392, 0.83950000000000002, 0.30969999999999998, 0.1207, 0.53190000000000004, 0.68740000000000001, 0.63539999999999996, 0.77270000000000005, 0.52470000000000006, 0.66779999999999995, 0.61860000000000004, 0.74319999999999997, 0.82120000000000004, 0.61780000000000002, 0.89149999999999996, 0.56979999999999997, 0.31809999999999999, 0.4738, 0.1205, 0.62829999999999997, 0.75949999999999995, 0.45329999999999998, 0.27889999999999998, 0.43580000000000002, 0.2077, 0.24529999999999999, 0.0144, 0.25409999999999999, 0.19620000000000001, 0.43790000000000001, 0.67290000000000005, 0.3407, -0.0022000000000000001, 0.47370000000000001, 0.53380000000000005, 0.8266, 0.078600000000000003, 0.17580000000000001, 0.081000000000000003, 0.30470000000000003, 0.20349999999999999, 0.21060000000000001, 0.0872, 0.33810000000000001, -0.039199999999999999, -0.0516, -0.0022000000000000001, 0.44009999999999999, 0.8468, 0.3901, 0.40870000000000001, 0.64690000000000003, 0.47520000000000001, 0.31759999999999999, -0.052200000000000003, 0.1197, 0.43530000000000002, 0.39900000000000002, 0.65200000000000002, 0.62619999999999998, 0.67600000000000005, 0.69530000000000003, 0.43790000000000001, 0.3821, 0.43319999999999997, 0.2465, 0.6099, 0.3886, 0.30919999999999997, -0.13819999999999999, 0.3427, 0.1328, 0.076799999999999993, 0.0001, 0.2145, 0.31619999999999998, 0.44700000000000001, 0.13139999999999999, 0.3911, 0.47349999999999998, 0.42870000000000003, 0.1237, 0.79879999999999995, 0.73560000000000003, 0.29049999999999998, 0.49709999999999999, 0.2994, 0.77929999999999999, 0.78690000000000004, 0.72240000000000004, 0.56740000000000002, -0.0028999999999999998, 0.22770000000000001, 0.376, 0.47749999999999998, 0.63829999999999998, 0.77890000000000004, 0.47020000000000001, 0.50119999999999998, 0.58679999999999999, 0.81859999999999999, 0.6956, 0.45019999999999999, 0.81850000000000001, 0.047500000000000001, 0.23880000000000001, 0.21640000000000001, 0.68120000000000003, 0.70609999999999995, 0.32869999999999999, 0.2382, 0.69869999999999999, 0.58720000000000006, 0.60399999999999998, 0.81010000000000004, 0.64900000000000002, 0.56189999999999996, 0.48749999999999999, 0.074700000000000003, 0.44540000000000002, 0.3901, -0.0591, 0.039600000000000003, 0.27539999999999998, 0.38030000000000003, 0.70240000000000002, 0.16619999999999999, 0.0035000000000000001, 0.31469999999999998, -0.050500000000000003, -0.048500000000000001, -0.079100000000000004, 0.054899999999999997, 0.2944, 0.070000000000000007, 0.48759999999999998, 0.55410000000000004, 0.15859999999999999, 0.053199999999999997, 0.056000000000000001, 0.70879999999999999, 0.624, 0.38329999999999997, 0.13789999999999999, 0.65149999999999997, 0.67390000000000005, 0.4501, 0.36509999999999998, 0.2112, -0.026599999999999999, 0.078700000000000006, 0.38400000000000001, -0.057099999999999998, 0.21779999999999999, 0.45129999999999998, -0.029100000000000001, 0.14599999999999999, 0.083599999999999994, -0.0223, 0.15570000000000001, 0.44140000000000001, 0.64839999999999998, 0.72419999999999995, 0.35830000000000001, 0.26700000000000002, 0.34010000000000001, 0.0071999999999999998, 0.46389999999999998, 0.15939999999999999, 0.79320000000000002, 0.71789999999999998, 0.85840000000000005, 0.52449999999999997, 0.4708, 0.65480000000000005, 0.67949999999999999, 0.082299999999999998, 0.54059999999999997, 0.2122, 0.21540000000000001, 0.36759999999999998, 0.1893, 0.41720000000000002, 0.42649999999999999, 0.86929999999999996, 0.51419999999999999, 0.93520000000000003, 0.86770000000000003, 0.8508, 0.32690000000000002, 0.83120000000000005, 0.44369999999999998, 0.72430000000000005, 0.063500000000000001, 0.44929999999999998, -0.021399999999999999, -0.0304, 0.18049999999999999, 0.32000000000000001, 0.35999999999999999, 0.73499999999999999, 0.90090000000000003, 0.76729999999999998, 0.58709999999999996, -0.0011999999999999999, 0.60709999999999997, 0.72860000000000003, 0.43409999999999999, 0.63570000000000004, 0.63759999999999994, 0.79600000000000004, 0.73070000000000002, 0.45910000000000001, 0.27539999999999998, 0.74670000000000003, 0.71909999999999996, 0.68799999999999994, 0.71989999999999998, 0.56210000000000004, 0.59660000000000002, 0.32090000000000002, 0.34029999999999999, 0.50349999999999995, 0.71350000000000002, 0.053600000000000002, 0.12870000000000001, 0.13020000000000001, 0.79669999999999996, 0.37780000000000002, 0.1295, 0.1195, 0.020400000000000001, -0.094700000000000006, -0.0068999999999999999, 0.083099999999999993, -0.056599999999999998, 0.52149999999999996, 0.76700000000000002, 0.44719999999999999, 0.1235, 0.1681, 0.2898, 0.0339, 0.57940000000000003, 0.24390000000000001, 0.034000000000000002, 0.031300000000000001, 0.36609999999999998, 0.4284, 0.22520000000000001, 0.032599999999999997, -0.063399999999999998, 0.057500000000000002, 0.31879999999999997, 0.37119999999999997, 0.046600000000000003, -0.0458, 0.51910000000000001, -0.081100000000000005, 0.2336, 0.5262, 0.28889999999999999, 0.14810000000000001, 0.35239999999999999, 0.69340000000000002, 0.746, 0.66410000000000002, 0.89390000000000003, 0.49490000000000001, 0.57140000000000002, 0.16070000000000001, 0.56989999999999996, 0.61319999999999997, 0.74929999999999997, 0.38740000000000002, 0.26329999999999998, 0.58230000000000004, 0.59830000000000005, 0.7651, 0.40439999999999998, 0.54559999999999997, 0.63319999999999999, 0.55810000000000004, 0.50729999999999997, 0.47770000000000001, 0.4879, 0.80279999999999996, 0.2263, 0.2702, 0.081799999999999998, 0.1019, 0.15859999999999999, 0.56879999999999997, 0.56320000000000003, 0.439, 0.0969, 0.35699999999999998, -0.0114, 0.70089999999999997, 0.52049999999999996, 0.49409999999999998, 0.73550000000000004, 0.60609999999999997, 0.7137, 0.78939999999999999, 0.56969999999999998, 0.36580000000000001, 0.55869999999999997, 0.90239999999999998, 0.2472, 0.016, 0.78580000000000005, 0.096600000000000005, 0.16919999999999999, 0.65939999999999999, 0.58889999999999998, 0.48780000000000001, 0.46679999999999999, 0.36059999999999998, 0.84960000000000002, 0.69840000000000002, 0.71040000000000003, 0.77600000000000002, 0.61539999999999995, 0.2046, 0.46999999999999997, -0.0206, 0.56130000000000002, 0.106, 0.44400000000000001, 0.55530000000000002, 0.30099999999999999, 0.15129999999999999, -0.12970000000000001, 0.064699999999999994, -0.043499999999999997, 0.1731, -0.0085000000000000006, 0.084400000000000003, 0.51200000000000001, 0.55359999999999998, 0.027, 0.090999999999999998, 0.095000000000000001, 0.094600000000000004, 0.61539999999999995, 0.20580000000000001, 0.0177, 0.019300000000000001, 0.44800000000000001, 0.44519999999999998, 0.25669999999999998, 0.0054000000000000003, 0.1694, -0.010500000000000001, 0.034200000000000001, 0.065500000000000003, -0.0395, 0.0055999999999999999, 0.23619999999999999, 0.089499999999999996, 0.35620000000000002, 0.83740000000000003, 0.57499999999999996, 0.17530000000000001, 0.46239999999999998, 0.53659999999999997, 0.79559999999999997, 0.84970000000000001, 0.67630000000000001, 0.79100000000000004, 0.73319999999999996, 0.1797, 0.65720000000000001, 0.77890000000000004, 0.50419999999999998, 0.7823, 0.432, 0.4854, 0.75270000000000004, 0.39400000000000002, 0.47739999999999999, 0.33989999999999998, 0.71960000000000002, 0.372, 0.21260000000000001, 0.48509999999999998, 0.43609999999999999, 0.054899999999999997, 0.245, 0.60209999999999997, 0.67920000000000003, 0.1203, 0.25919999999999999, 0.53269999999999995, 0.096100000000000005, 0.23910000000000001, 0.37869999999999998, 0.13239999999999999, 0.76739999999999997, 0.59260000000000002, 0.40389999999999998, 0.4874, 0.7319, 0.63149999999999995, 0.51280000000000003, 0.75170000000000003, 0.2918, 0.70689999999999997, 0.68689999999999996, 0.075999999999999998, 0.035299999999999998, 0.61070000000000002, 0.0001, -0.1666, 0.46160000000000001, 0.58989999999999998, 0.5756, 0.38190000000000002, 0.25779999999999997, 0.38140000000000002, 0.70240000000000002, 0.85899999999999999, 0.77500000000000002, 0.49020000000000002, 0.4153, 0.47770000000000001, -0.029000000000000001, 0.36899999999999999, 0.83509999999999995, 0.1109, 0.67449999999999999, 0.80330000000000001, 0.31759999999999999, 0.0596, 0.84340000000000004, 0.24079999999999999, 0.61770000000000003, 0.33079999999999998, 0.016899999999999998, 0.1037, -0.032800000000000003, 0.0085000000000000006, 0.050700000000000002, -0.021100000000000001, 0.35170000000000001, 0.157, 0.063399999999999998, 0.20499999999999999, 0.10589999999999999, 0.15809999999999999, 0.2253, 0.18909999999999999, -0.078100000000000003, 0.32319999999999999, 0.0195, 0.15479999999999999, -0.019099999999999999, 0.062600000000000003, -0.020899999999999998, 0.32790000000000002, 0.072400000000000006, 0.47810000000000002, 0.55669999999999997, 0.21990000000000001, 0.66349999999999998, 0.67810000000000004, 0.82050000000000001, 0.60809999999999997, 0.66110000000000002, 0.67569999999999997, 0.72940000000000005, -0.013599999999999999, 0.67330000000000001, 0.81169999999999998, 0.026200000000000001, 0.80600000000000005, 0.74139999999999995, 0.67579999999999996, 0.2082, 0.45090000000000002, 0.1699, 0.50149999999999995, 0.54579999999999995, 0.6784, 0.37809999999999999, 0.26590000000000003, 0.2102, -0.0184, 0.18099999999999999, 0.00069999999999999999, 0.32019999999999998, 0.58460000000000001, 0.38350000000000001, 0.28649999999999998, 0.2984, 0.40479999999999999, -0.063299999999999995, 0.39779999999999999, 0.27910000000000001, 0.19339999999999999, 0.41139999999999999, 0.28100000000000003, 0.2329, 0.21970000000000001, -0.059499999999999997, 0.34470000000000001, 0.32840000000000003, 0.5887, 0.52359999999999995, 0.39660000000000001, 0.23499999999999999, 0.80789999999999995, 0.1137, -0.1215, 0.2049, 0.59909999999999997, 0.15579999999999999, 0.0044000000000000003, 0.316, 0.13289999999999999, 0.60780000000000001, 0.70579999999999998, 0.77359999999999995, 0.4647, 0.74309999999999998, 0.68989999999999996, 0.1462, 0.30869999999999997, 0.85740000000000005, -0.1668, 0.61299999999999999, 0.88519999999999999, 0.16239999999999999, 0.4829, 0.32750000000000001, 0.53800000000000003, 0.2324, 0.27850000000000003, 0.1976, 0.23649999999999999, 0.14879999999999999, 0.47149999999999997, 0.16550000000000001, 0.0287, 0.36180000000000001, 0.89500000000000002, 0.22520000000000001, -0.056899999999999999, -0.12330000000000001, 0.186, -0.067199999999999996, 0.15540000000000001, 0.47760000000000002, 0.30320000000000003, 0.2412, 0.063500000000000001, 0.1598, 0.43780000000000002, 0.1215, -0.057099999999999998, 0.20349999999999999, 0.1285, 0.19689999999999999, 0.15909999999999999, 0.4647, 0.36070000000000002, 0.69220000000000004, 0.83179999999999998, 0.58650000000000002, 0.52839999999999998, -0.1079, 0.5423, 0.67869999999999997, 0.58350000000000002, 0.5232, 0.5696, 0.79600000000000004, 0.9335, 0.80279999999999996, 0.83440000000000003, 0.82779999999999998, 0.54979999999999996, 0.81510000000000005, 0.81059999999999999, 0.52080000000000004, 0.626, 0.30980000000000002, 0.20430000000000001, 0.53549999999999998, 0.27060000000000001, 0.41830000000000001, 0.44419999999999998, 0.27260000000000001, 0.67049999999999998, 0.26229999999999998, -0.13289999999999999, -0.0030000000000000001, 0.57399999999999995, 0.84499999999999997, 0.60329999999999995, 0.37180000000000002, 0.63319999999999999, 0.53759999999999997, 0.42270000000000002, 0.32119999999999999, 0.19819999999999999, 0.50900000000000001, 0.31630000000000003, 0.1593, -0.049500000000000002, 0.17280000000000001, -0.043200000000000002, -0.095200000000000007, 0.28439999999999999, 0.43790000000000001, 0.6613, 0.28449999999999998, 0.0051999999999999998, 0.76329999999999998, 0.27260000000000001, 0.72989999999999999, 0.78110000000000002, 0.4879, 0.18340000000000001, 0.27660000000000001, 0.61570000000000003, 0.57079999999999997, 0.64810000000000001, 0.070599999999999996, 0.87170000000000003, 0.7913, 0.73829999999999996, 0.25869999999999999, 0.073700000000000002, 0.93620000000000003, -0.079500000000000001, 0.21870000000000001, 0.3523, 0.1598, 0.52239999999999998, 0.2571, 0.17349999999999999, 0.36459999999999998, 0.87339999999999995, 0.63800000000000001, 0.45090000000000002, -0.045600000000000002, 0.49669999999999997, -0.0061999999999999998, 0.015599999999999999, 0.40039999999999998, 0.079500000000000001, 0.011299999999999999, -0.0567, 0.58840000000000003, -0.017500000000000002, 0.64180000000000004, 0.1928, -0.10000000000000001, -0.042799999999999998, 0.16589999999999999, 0.081199999999999994, 0.12809999999999999, 0.36470000000000002, 0.16550000000000001, 0.59719999999999995, 0.69720000000000004, 0.67010000000000003, 0.10639999999999999, 0.62180000000000002, 0.63219999999999998, 0.081199999999999994, 0.58560000000000001, 0.58169999999999999, 0.66600000000000004, 0.72870000000000001, 0.53459999999999996, 0.49759999999999999, 0.72809999999999997, 0.93910000000000005, 0.52300000000000002, 0.71840000000000004, 0.56030000000000002, 0.086699999999999999, 0.61860000000000004, 0.28199999999999997, 0.84899999999999998, 0.5625, 0.70569999999999999, -0.019699999999999999, 0.28939999999999999, 0.88360000000000005, 0.17280000000000001, -0.021000000000000001, 0.23219999999999999, 0.13120000000000001, 0.38390000000000002, 0.55269999999999997, 0.61409999999999998, 0.34489999999999998, 0.72230000000000005, 0.48060000000000003, 0.085500000000000007, 0.52470000000000006, 0.75890000000000002, 0.41959999999999997, 0.1148, 0.27360000000000001, 0.0091000000000000004, -0.050799999999999998, -0.15260000000000001, 0.64659999999999995, 0.4143, 0.67730000000000001, 0.48699999999999999, -0.094600000000000004, 0.046699999999999998, 0.39179999999999998, 0.33129999999999998, 0.1719, 0.36919999999999997, 0.053699999999999998, -0.058099999999999999, 0.038399999999999997, 0.083000000000000004, 0.76029999999999998, 0.073499999999999996, 0.57220000000000004, 0.64239999999999997, 0.2349, 0.38059999999999999, 0.0032000000000000002, 0.10059999999999999, 0.0083000000000000001, -0.023699999999999999, 0.0135, 0.24909999999999999, 0.49509999999999998, 0.56089999999999995, 0.2873, 0.36009999999999998, 0.23980000000000001, 0.58630000000000004, 0.11650000000000001, -0.0016000000000000001, -0.080100000000000005, 0.20710000000000001, -0.080399999999999999, -0.081500000000000003, -0.1226, -0.12540000000000001, -0.046199999999999998, -0.0504, -0.057700000000000001, 0.019400000000000001, 0.19850000000000001, -0.1094, 0.6996, 0.00080000000000000004, 0.070999999999999994, 0.094399999999999998, 0.1111, 0.087900000000000006, 0.71120000000000005, 0.89080000000000004, 0.1221, 0.0047000000000000002, 0.4128, 0.37640000000000001, 0.76900000000000002, 0.79179999999999995, 0.79310000000000003, 0.63819999999999999, 0.8407, 0.78739999999999999, 0.90239999999999998, 0.8206, 0.54820000000000002, 0.5988, 0.7671, 0.52510000000000001, 0.64549999999999996, 0.5423, 0.50470000000000004, 0.42030000000000001, 0.22919999999999999, 0.39479999999999998, 0.30170000000000002, 0.83560000000000001, 0.12620000000000001, -0.0066, 0.3029, 0.84570000000000001, 0.56869999999999998, 0.27539999999999998, 0.81259999999999999, 0.38200000000000001, 0.8498, 0.193, 0.19600000000000001, 0.29530000000000001, 0.60040000000000004, 0.45000000000000001, -0.1424, -0.060699999999999997, -0.043200000000000002, -0.0, -0.032099999999999997, -0.0104, 0.48709999999999998, 0.42449999999999999, 0.252, 0.071300000000000002, 0.57740000000000002, 0.4778, 0.4849, 0.51839999999999997, 0.50700000000000001, 0.1908, 0.58379999999999999, 0.33200000000000002, 0.23200000000000001, 0.76149999999999995, 0.0, 0.047600000000000003, 0.48920000000000002, 0.31859999999999999, 0.075200000000000003, 0.43919999999999998, 0.27029999999999998, -0.029399999999999999, 0.0441, -0.015599999999999999, -0.014800000000000001, 0.16850000000000001, 0.30159999999999998, 0.106, 0.2228, 0.38840000000000002, 0.87490000000000001, 0.62670000000000003, 0.32200000000000001, -0.0373, -0.1908, 0.35349999999999998, 0.0407, 0.063, 0.1076, -0.035000000000000003, -0.039800000000000002, -0.0117, -0.002, 0.40129999999999999, 0.1638, 0.11840000000000001, 0.0121, 0.1318, -0.012800000000000001, 0.2505, -0.1094, 0.66279999999999994, 0.25619999999999998, 0.4335, 0.8599, 0.29399999999999998, 0.6774, 0.72209999999999996, 0.60409999999999997, 0.7833, 0.78559999999999997, 0.20880000000000001, 0.73499999999999999, 0.69799999999999995, 0.89100000000000001, 0.16589999999999999, 0.38009999999999999, 0.67259999999999998, -0.078399999999999997, 0.066600000000000006, 0.23710000000000001, 0.18090000000000001, 0.64800000000000002, 0.38090000000000002, 0.21840000000000001, 0.48659999999999998, 0.64790000000000003, -0.12130000000000001, -0.044699999999999997, 0.40960000000000002, 0.90039999999999998, 0.65559999999999996, 0.59509999999999996, 0.53359999999999996, 0.2636, 0.37069999999999997, 0.1641, 0.39910000000000001, 0.89739999999999998, 0.77500000000000002, 0.25700000000000001, 0.061600000000000002, 0.0356, 0.1183, -0.043200000000000002, -0.042200000000000001, 0.111, -0.1091, 0.31490000000000001, -0.0378, 0.0911, -0.012500000000000001, 0.48909999999999998, 0.78500000000000003, 0.61709999999999998, 0.81020000000000003, 0.76590000000000003, 0.52210000000000001, 0.41849999999999998, 0.92769999999999997, -0.0207, 0.25090000000000001, 0.88490000000000002, 0.81889999999999996, 0.54649999999999999, 0.38800000000000001, 0.6371, 0.036600000000000001, 0.034799999999999998, 0.5595, 0.44919999999999999, 0.25840000000000002, 0.31359999999999999, 0.50239999999999996, 0.94089999999999996, 0.65600000000000003, 0.63200000000000001, 0.24779999999999999, -0.060600000000000001, 0.081799999999999998, 0.098100000000000007, 0.023099999999999999, 0.096000000000000002, 0.75860000000000005, -0.089999999999999997, 0.3826, -0.073099999999999998, 0.40629999999999999, 0.60819999999999996, 0.30599999999999999, 0.064799999999999996, 0.14149999999999999, 0.0344, 0.068599999999999994, 0.0117, 0.3931, -0.039300000000000002, 0.0591, 0.1363, 0.85880000000000001, 0.5101, 0.8407, 0.63519999999999999, 0.3261, 0.90139999999999998, 0.45500000000000002, 0.7591, 0.34460000000000002, 0.70630000000000004, 0.35859999999999997, 0.38719999999999999, 0.50039999999999996, 0.86890000000000001, -0.046600000000000003, 0.1106, 0.19109999999999999, 0.33550000000000002, -0.032199999999999999, 0.080000000000000002, 0.21829999999999999, 0.33589999999999998, 0.2581, 0.096299999999999997, 0.0, -0.012, 0.56789999999999996, 0.38679999999999998, 0.32890000000000003, 0.32569999999999999, 0.38169999999999998, 0.9224, 0.17249999999999999, 0.88759999999999994, 0.81759999999999999, 0.77380000000000004, 0.0746, -0.032300000000000002, 0.064500000000000002, 0.12709999999999999, -0.0070000000000000001, 0.2661, 0.035000000000000003, 0.27860000000000001, 0.50760000000000005, -0.0097000000000000003, 0.097699999999999995, 0.0385, 0.87360000000000004, 0.89229999999999998, 0.9325, 0.84030000000000005, 0.79749999999999999, 0.35189999999999999, 0.59850000000000003, 0.71719999999999995, -0.016400000000000001, 0.13669999999999999, 0.8669, 0.84099999999999997, 0.78269999999999995, 0.88549999999999995, -0.016799999999999999, -0.0349, 0.20000000000000001, 0.79549999999999998, 0.70599999999999996, 0.26150000000000001, 0.76280000000000003, 0.42159999999999997, 0.61970000000000003, 0.36890000000000001, 0.083699999999999997, -0.092899999999999996, 0.1011, 0.44240000000000002, 0.030300000000000001, 0.13830000000000001, 0.35449999999999998, 0.0047999999999999996, 0.031199999999999999, 0.033500000000000002, -0.021600000000000001, -0.080100000000000005, 0.24959999999999999, 0.23949999999999999, -0.035400000000000001, 0.1943, 0.019, 0.019800000000000002, 0.019099999999999999, 0.040399999999999998, 0.36120000000000002, 0.67300000000000004, 0.70879999999999999, 0.32550000000000001, -0.065000000000000002, 0.29770000000000002, -0.1038, 0.192, -0.057500000000000002, -0.0074999999999999997, 0.50960000000000005, 0.34050000000000002, -0.075399999999999995, 0.13420000000000001, 0.35539999999999999, 0.65849999999999997, 0.86240000000000006, 0.24790000000000001, 0.44429999999999997, 0.70699999999999996, 0.61929999999999996, 0.1898, 0.055800000000000002, 0.37130000000000002, -0.1074, 0.1421, -0.081600000000000006, 0.29459999999999997, 0.077399999999999997, 0.0044000000000000003, 0.32840000000000003, 0.1137, -0.083099999999999993, 0.50819999999999999, 0.54159999999999997, -0.019400000000000001, 0.45569999999999999, 0.81469999999999998, 0.68440000000000001, 0.77710000000000001, 0.4335, 0.79000000000000004, 0.48080000000000001, 0.64459999999999995, 0.222, 0.59019999999999995, 0.79530000000000001, 0.89359999999999995, 0.55479999999999996, 0.48099999999999998, 0.32919999999999999, 0.16289999999999999, 0.1134, 0.6482, -0.045499999999999999, -0.064899999999999999, 0.26169999999999999, 0.182, 0.56789999999999996, 0.25580000000000003, 0.3135, 0.037199999999999997, 0.077499999999999999, 0.1225, 0.2417, 0.2198, 0.4491, -0.060900000000000003, 0.28360000000000002, 0.048099999999999997, 0.21279999999999999, 0.1057, -0.098500000000000004, -0.021999999999999999, 0.22520000000000001, 0.088900000000000007, 0.27279999999999999, 0.15609999999999999, 0.17660000000000001, -0.032199999999999999, 0.069599999999999995, -0.032500000000000001, 0.0080000000000000002, 0.038699999999999998, 0.0253, 0.3407, 0.029700000000000001, 0.73999999999999999, 0.22220000000000001, 0.4909, 0.069900000000000004, 0.078399999999999997, 0.012800000000000001, 0.19539999999999999, 0.2334, 0.92830000000000001, 0.64380000000000004, 0.77549999999999997, 0.41880000000000001, 0.31259999999999999, 0.71789999999999998, -0.012500000000000001, 0.36880000000000002, 0.44979999999999998, 0.36070000000000002, 0.32490000000000002, 0.17230000000000001, 0.58860000000000001, 0.72840000000000005, 0.84160000000000001, 0.55130000000000001, 0.34300000000000003, 0.28699999999999998, 0.39269999999999999, 0.35930000000000001, 0.41560000000000002, 0.46899999999999997, -0.058200000000000002, 0.54459999999999997, -0.018800000000000001, -0.010500000000000001, 0.58720000000000006, 0.22639999999999999, -0.035099999999999999, 0.55330000000000001, 0.0041000000000000003, 0.1191, 0.67979999999999996, 0.0154, 0.89870000000000005, 0.88400000000000001, 0.22969999999999999, 0.1021, 0.60209999999999997, 0.1016, 0.26650000000000001, 0.745, 0.63670000000000004, 0.54949999999999999, 0.65239999999999998, 0.41420000000000001, 0.63949999999999996, 0.70609999999999995, 0.59309999999999996, 0.73250000000000004, 0.64849999999999997, 0.1913, 0.22550000000000001, 0.183, 0.57689999999999997, 0.5907, 0.7369, 0.56120000000000003, 0.7278, 0.27400000000000002, 0.126, 0.38740000000000002, 0.2303, 0.65110000000000001, 0.40400000000000003, 0.67010000000000003, 0.65490000000000004, 0.19889999999999999, 0.054199999999999998, 0.1845, 0.40710000000000002, 0.2104, 0.55030000000000001, 0.2651, 0.024799999999999999, 0.1026, 0.27689999999999998, 0.47389999999999999, 0.37319999999999998, 0.45400000000000001, -0.058599999999999999, -0.022100000000000002, 0.51190000000000002, 0.2283, 0.14549999999999999, 0.0184, 0.3856, 0.092399999999999996, 0.58450000000000002, 0.65500000000000003, 0.38990000000000002, 0.26129999999999998, 0.70109999999999995, 0.62960000000000005, 0.5353, 0.6069, 0.061400000000000003, 0.47560000000000002, 0.72099999999999997, 0.88229999999999997, 0.47920000000000001, -0.15709999999999999, 0.36449999999999999, 0.35920000000000002, 0.64390000000000003, 0.66239999999999999, 0.84250000000000003, 0.5081, 0.54190000000000005, 0.22159999999999999, 0.4708, 0.3256, 0.62780000000000002, 0.071599999999999997, 0.12570000000000001, 0.64790000000000003, 0.077200000000000005, 0.025899999999999999, -0.0040000000000000001, 0.83299999999999996, 0.078899999999999998, 0.21679999999999999, 0.26900000000000002, 0.062600000000000003, 0.78459999999999996, 0.27510000000000001, 0.88849999999999996, 0.89829999999999999, 0.26840000000000003, 0.1071, 0.060699999999999997, 0.1676, 0.1234, 0.42820000000000003, 0.1009, 0.33560000000000001, -0.083900000000000002, 0.28149999999999997, 0.3372, 0.44519999999999998, 0.6895, 0.70730000000000004, 0.83140000000000003, 0.76759999999999995, 0.80200000000000005, 0.40849999999999997, 0.50180000000000002, 0.68140000000000001, 0.15479999999999999, 0.53069999999999995, 0.78139999999999998, 0.71250000000000002, 0.71350000000000002, 0.86409999999999998, 0.75490000000000002, 0.31640000000000001, 0.23080000000000001, 0.68730000000000002, 0.52380000000000004, 0.80200000000000005, 0.58289999999999997, 0.1736, 0.74580000000000002, 0.61980000000000002, 0.15959999999999999, 0.0115, 0.063600000000000004, 0.080399999999999999, 0.39900000000000002, 0.1716, 0.19400000000000001, -0.036799999999999999, -0.036499999999999998, 0.0298, -0.034500000000000003, -0.1142, 0.2056, 0.021700000000000001, 0.055300000000000002, 0.056800000000000003, 0.43209999999999998, -0.096799999999999997, 0.092399999999999996, 0.67200000000000004, 0.64939999999999998, 0.014800000000000001, 0.90380000000000005, 0.43290000000000001, 0.69199999999999995, 0.73650000000000004, 0.6623, 0.81540000000000001, 0.64849999999999997, 0.32079999999999997, 0.44479999999999997, 0.88239999999999996, 0.89500000000000002, 0.91349999999999998, 0.75900000000000001, 0.85840000000000005, 0.89129999999999998, -0.0071999999999999998, 0.58120000000000005, 0.78169999999999995, 0.70279999999999998, 0.34449999999999997, 0.39910000000000001, 0.1734, 0.097199999999999995, 0.16539999999999999, 0.3695, 0.4647, 0.0114, 0.73870000000000002, 0.33989999999999998, 0.063399999999999998, 0.1077, 0.71709999999999996, 0.38719999999999999, 0.4703, 0.12189999999999999, 0.060199999999999997, 0.16159999999999999, 0.072999999999999995, 0.15770000000000001, 0.018499999999999999, 0.36770000000000003, 0.14660000000000001, 0.13009999999999999, 0.2722, 0.53910000000000002, -0.0309, 0.14799999999999999, 0.50480000000000003, 0.52159999999999995, 0.44190000000000002, 0.13880000000000001, 0.24229999999999999, 0.64710000000000001, 0.19020000000000001, 0.45050000000000001, 0.62709999999999999, 0.73580000000000001, 0.62380000000000002, 0.16209999999999999, 0.13980000000000001, 0.74480000000000002, 0.33489999999999998, 0.65890000000000004, 0.78469999999999995, 0.63780000000000003, 0.32640000000000002, 0.72729999999999995, 0.8004, 0.79259999999999997, 0.56610000000000005, 0.90429999999999999, 0.79169999999999996, 0.49969999999999998, 0.78969999999999996, 0.45419999999999999, 0.85050000000000003, 0.30740000000000001, 0.1885, -0.0071000000000000004, 0.0533, 0.78610000000000002, 0.66590000000000005, 0.3377, 0.84599999999999997, 0.51900000000000002, 0.79920000000000002, 0.79600000000000004, 0.6099, 0.75380000000000003, 0.43590000000000001, 0.82320000000000004, 0.70530000000000004, 0.66549999999999998, 0.54979999999999996, 0.5444, 0.8034, 0.61309999999999998, 0.55069999999999997, 0.83850000000000002, 0.74419999999999997, 0.39410000000000001, -0.038100000000000002, -0.1159, 0.43109999999999998, 0.098799999999999999, 0.88300000000000001, -0.029999999999999999, -0.0016999999999999999, 0.88229999999999997, 0.28089999999999998, -0.010200000000000001, -0.0, 0.29160000000000003, 0.1855, 0.67530000000000001, 0.24790000000000001, 0.092499999999999999, 0.34439999999999998, 0.57450000000000001, 0.0118, 0.78890000000000005, 0.73040000000000005, 0.54210000000000003, 0.027400000000000001, 0.1484, -0.068900000000000003, nan, -0.0, -0.085099999999999995, 0.078399999999999997, 0.72670000000000001, 0.41070000000000001, -0.0591, 0.0499, 0.31140000000000001, 0.53549999999999998, 0.44619999999999999, 0.52980000000000005, 0.31950000000000001, 0.66959999999999997, -0.077700000000000005, 0.36209999999999998, 0.2208, 0.12089999999999999, 0.23699999999999999, 0.29949999999999999, 0.10730000000000001, 0.67359999999999998, -0.045600000000000002, -0.0055999999999999999, 0.30759999999999998, 0.032300000000000002, 0.030200000000000001, 0.25180000000000002, 0.37069999999999997, -0.054899999999999997, 0.90139999999999998, 0.089999999999999997, 0.22889999999999999, -0.0060000000000000001, -0.0872, -0.081299999999999997, -0.037400000000000003, 0.19170000000000001, -0.022800000000000001, -0.0, -0.046199999999999998, -0.048300000000000003, -0.0, -0.045400000000000003, 0.59799999999999998, 0.67989999999999995, 0.60460000000000003, -0.0395, 0.94030000000000002, -0.018499999999999999, -0.10290000000000001, 0.47249999999999998, 0.35520000000000002, 0.39950000000000002, 0.87429999999999997, 0.76890000000000003, 0.78259999999999996, 0.58740000000000003, 0.30890000000000001, 0.75539999999999996, 0.1668, 0.42520000000000002, 0.41460000000000002, 0.2049, 0.1338, 0.39610000000000001, 0.55410000000000004, -0.018200000000000001, 0.2422, 0.059799999999999999, 0.32329999999999998, 0.60089999999999999, 0.74329999999999996, 0.32679999999999998, -0.040500000000000001, 0.13059999999999999, 0.64149999999999996, 0.54139999999999999, 0.52649999999999997, 0.25800000000000001, 0.5534, 0.39779999999999999, 0.41520000000000001, 0.3135, 0.60709999999999997, 0.22339999999999999, 0.25509999999999999, -0.0023, -0.082699999999999996, 0.36549999999999999, 0.072599999999999998, -0.11600000000000001, 0.1164, 0.0356, 0.17649999999999999, -0.069199999999999998, 0.045900000000000003, 0.19259999999999999, 0.042099999999999999, 0.65529999999999999, 0.53220000000000001, 0.84919999999999995, 0.62129999999999996, 0.36940000000000001, -0.0091999999999999998, 0.56010000000000004, -0.0047999999999999996, 0.29580000000000001, 0.5907, 0.74890000000000001, 0.74890000000000001, 0.1178, 0.059999999999999998, 0.40160000000000001, 0.077899999999999997, 0.84379999999999999, 0.64670000000000005, 0.16769999999999999, 0.025000000000000001, 0.0722, 0.88260000000000005, 0.51729999999999998, 0.74209999999999998, 0.61680000000000001, -0.1348, 0.38950000000000001, 0.085099999999999995, -0.046300000000000001, 0.074800000000000005, 0.087900000000000006, -0.019300000000000001, 0.12189999999999999, -0.068099999999999994, -0.0361, 0.29959999999999998, 0.59760000000000002, 0.0043, 0.3039, 0.58730000000000004, -0.0395, 0.52500000000000002, 0.32429999999999998, 0.1159, 0.65880000000000005, 0.86009999999999998, 0.84919999999999995, 0.86960000000000004, 0.75, 0.67769999999999997, 0.89029999999999998, 0.49609999999999999, 0.44169999999999998, 0.79820000000000002, 0.93000000000000005, 0.56179999999999997, 0.23549999999999999, 0.24679999999999999, 0.22950000000000001, 0.34899999999999998, 0.83830000000000005, 0.33400000000000002, -0.0458, -0.055500000000000001, 0.33450000000000002, 0.39560000000000001, 0.70379999999999998, 0.78469999999999995, 0.34670000000000001, 0.73309999999999997, 0.56120000000000003, 0.3039, 0.30020000000000002, 0.74970000000000003, 0.19719999999999999, 0.32290000000000002, -0.077200000000000005, -0.0114, 0.0, -0.059200000000000003, 0.081199999999999994, 0.15490000000000001, 0.2989, -0.068099999999999994, -0.039300000000000002, 0.27010000000000001, 0.025999999999999999, 0.18290000000000001, -0.088599999999999998, -0.0516, -0.017299999999999999, -0.1111, -0.021700000000000001, 0.044699999999999997, 0.23860000000000001, 0.56040000000000001, 0.19769999999999999, 0.046600000000000003, 0.23050000000000001, 0.47510000000000002, 0.45889999999999997, 0.43559999999999999, -0.0074000000000000003, 0.16830000000000001, 0.43930000000000002, 0.072900000000000006, 0.0613, 0.1043, 0.016899999999999998, 0.0066, 0.53490000000000004, 0.35399999999999998, 0.2384, 0.43740000000000001, -0.094700000000000006, -0.025399999999999999, -0.090399999999999994, -0.027, 0.95640000000000003, 0.058900000000000001, -0.025399999999999999, -0.058099999999999999, 0.055599999999999997, 0.3624, 0.1467, -0.050599999999999999, 0.27600000000000002, 0.42309999999999998, 0.25829999999999997, 0.75209999999999999, 0.62270000000000003, 0.051200000000000002, 0.68630000000000002, 0.59809999999999997, 0.623, 0.46260000000000001, 0.39269999999999999, 0.85129999999999995, 0.67410000000000003, 0.91379999999999995, 0.8377, 0.88160000000000005, 0.39029999999999998, 0.18079999999999999, 0.95860000000000001, 0.58889999999999998, 0.44550000000000001, 0.77029999999999998, 0.54659999999999997, 0.23250000000000001, 0.043299999999999998, 0.4612, 0.89770000000000005, 0.85850000000000004, 0.90290000000000004, 0.85699999999999998, 0.96299999999999997, 0.91100000000000003, 0.51929999999999998, 0.90620000000000001, 0.83579999999999999, 0.46210000000000001, -0.021000000000000001, -0.094299999999999995, -0.0129, -0.0, 0.0, 0.031699999999999999, 0.11509999999999999, 0.035200000000000002, 0.0121, -0.027, -0.0053, -0.0134, 0.32329999999999998, 0.43530000000000002, 0.48430000000000001, 0.041099999999999998, 0.42830000000000001, 0.1085, 0.74239999999999995, 0.53300000000000003, -0.010800000000000001, 0.095899999999999999, 0.22639999999999999, 0.49780000000000002, 0.495, 0.45219999999999999, 0.71120000000000005, 0.127, 0.85799999999999998, 0.2276, 0.36399999999999999, 0.40539999999999998, 0.70730000000000004, 0.36659999999999998, 0.65010000000000001, 0.51180000000000003, 0.3836, 0.14990000000000001, 0.30840000000000001, 0.52149999999999996, 0.78169999999999995, -0.053100000000000001, 0.0, 0.030599999999999999, -0.039, 0.0, -0.10440000000000001, -0.075700000000000003, 0.13120000000000001, 0.16969999999999999, 0.1132, 0.054300000000000001, 0.023400000000000001, -0.036799999999999999, -0.0344, 0.1661, 0.23860000000000001, 0.57450000000000001, 0.83150000000000002, 0.79690000000000005, 0.78539999999999999, 0.74429999999999996, 0.59470000000000001, 0.69350000000000001, 0.17530000000000001, 0.1235, 0.79200000000000004, 0.18140000000000001, 0.49390000000000001, -0.043299999999999998, -0.067199999999999996, 0.49890000000000001, 0.25409999999999999, 0.088300000000000003, 0.38690000000000002, 0.015599999999999999, 0.1139, 0.55579999999999996, 0.46579999999999999, 0.19589999999999999, 0.59470000000000001, 0.47399999999999998, 0.33729999999999999, 0.81810000000000005, 0.85860000000000003, 0.085599999999999996, 0.10780000000000001, -0.0124, 0.059700000000000003, -0.051200000000000002, -0.060900000000000003, 0.18920000000000001, -0.1469, 0.16200000000000001, 0.4874, 0.2283, 0.14249999999999999, 0.2475, 0.1363, 0.6583, -0.0126, 0.87419999999999998, 0.94620000000000004, 0.12609999999999999, 0.020899999999999998, 0.82720000000000005, -0.13639999999999999, 0.4617, 0.70599999999999996, 0.75570000000000004, 0.83720000000000006, 0.15340000000000001, -0.00080000000000000004, 0.6089, 0.56689999999999996, 0.80869999999999997, 0.79279999999999995, 0.33090000000000003, 0.33639999999999998, 0.87880000000000003, 0.89219999999999999, 0.68259999999999998, 0.32040000000000002, 0.13489999999999999, -0.0809, 0.49249999999999999, 0.066500000000000004, 0.1787, 0.65959999999999996, 0.70289999999999997, 0.49330000000000002, 0.1071, 0.46300000000000002, 0.1051, 0.20319999999999999, 0.77929999999999999, 0.28820000000000001, 0.34610000000000002, 0.61870000000000003, -0.089599999999999999, 0.37490000000000001, 0.37519999999999998, 0.55120000000000002, 0.78869999999999996, 0.60489999999999999, 0.58689999999999998, 0.49859999999999999, 0.61529999999999996, 0.69750000000000001, 0.37780000000000002, 0.15570000000000001, 0.48230000000000001, 0.18310000000000001, 0.3931, 0.028799999999999999, 0.096500000000000002, 0.80349999999999999, 0.6845, -0.0054000000000000003, 0.019099999999999999, 0.0016999999999999999, 0.045199999999999997, 0.39379999999999998, 0.11799999999999999, 0.24310000000000001, 0.3856, 0.64359999999999995, 0.52680000000000005, 0.82989999999999997, 0.73509999999999998, 0.436, -0.0095999999999999992, -0.069599999999999995, -0.0487, -0.034599999999999999, 0.50490000000000002, 0.26040000000000002, 0.18870000000000001, 0.33350000000000002, 0.0814, 0.029499999999999998, 0.51529999999999998, 0.1074, 0.077299999999999994, 0.31640000000000001, 0.1946, 0.89100000000000001, 0.77339999999999998, 0.049000000000000002, 0.024400000000000002, 0.7974, 0.47420000000000001, 0.56399999999999995, 0.77510000000000001, 0.78029999999999999, 0.9677, 0.29239999999999999, 0.0315, 0.16650000000000001, 0.70620000000000005, 0.92000000000000004, 0.83740000000000003, 0.72119999999999995, 0.23419999999999999, 0.63190000000000002, 0.88590000000000002, 0.66649999999999998, 0.51319999999999999, 0.19339999999999999, 0.10639999999999999, 0.31850000000000001, 0.092399999999999996, 0.26869999999999999, 0.0155, 0.36159999999999998, 0.016299999999999999, 0.042599999999999999, 0.35880000000000001, 0.4824, 0.2084, 0.089800000000000005, 0.5262, 0.2641, 0.38129999999999997, 0.1865, 0.1648, 0.4486, -0.023, 0.85809999999999997, 0.58499999999999996, 0.32069999999999999, 0.68579999999999997, 0.72270000000000001, 0.54990000000000006, 0.56169999999999998, 0.91759999999999997, 0.87639999999999996, 0.65390000000000004, 0.4239, 0.81179999999999997, 0.78649999999999998, 0.65969999999999995, 0.22650000000000001, 0.26829999999999998, 0.37459999999999999, 0.28849999999999998, 0.67249999999999999, 0.63939999999999997, 0.53220000000000001, 0.53220000000000001, 0.21890000000000001, 0.51770000000000005, 0.31040000000000001, 0.76900000000000002, 0.34949999999999998, -0.0054000000000000003, 0.47860000000000003, -0.024899999999999999, -0.053199999999999997, 0.43280000000000002, -0.074800000000000005, 0.2908, 0.37469999999999998, 0.079399999999999998, 0.28670000000000001, 0.0077000000000000002, 0.055500000000000001, 0.0184, 0.095000000000000001, -0.0038999999999999998, 0.2631, 0.39689999999999998, 0.063, 0.61850000000000005, 0.5716, 0.21879999999999999, 0.68899999999999995, 0.36109999999999998, 0.64270000000000005, 0.30990000000000001, 0.51239999999999997, 0.40679999999999999, 0.88639999999999997, 0.62270000000000003, 0.54979999999999996, 0.84909999999999997, 0.83069999999999999, 0.8226, 0.64529999999999998, 0.9254, 0.82189999999999996, 0.75149999999999995, 0.65900000000000003, 0.65039999999999998, 0.69650000000000001, 0.18720000000000001, 0.21460000000000001, 0.3533, 0.25650000000000001, 0.064500000000000002, -0.083500000000000005, -0.0101, 0.72950000000000004, 0.64670000000000005, 0.4743, 0.83460000000000001, 0.0095999999999999992, 0.76910000000000001, 0.86280000000000001, 0.84250000000000003, 0.92430000000000001, 0.1082, 0.70450000000000002, 0.8206, 0.81659999999999999, 0.67879999999999996, 0.57820000000000005, 0.93620000000000003, 0.81710000000000005, 0.53580000000000005, 0.73199999999999998, 0.055300000000000002, 0.161, 0.77290000000000003, 0.2485, 0.064299999999999996, 0.0001, 0.050000000000000003, 0.084900000000000003, 0.9143, 0.80259999999999998, 0.34520000000000001, 0.84370000000000001, 0.59840000000000004, 0.3216, 0.41899999999999998, 0.52139999999999997, 0.3891, 0.1191, -0.1067, -0.041300000000000003, -0.0, -0.0183, -0.098400000000000001, 0.40529999999999999, 0.086099999999999996, -0.050799999999999998, 0.0054000000000000003, 0.23910000000000001, 0.15909999999999999, 0.1726, 0.1663, 0.094899999999999998, -0.056399999999999999, 0.12230000000000001, -0.024299999999999999, 0.0654, 0.0043, 0.35039999999999999, 0.1711, -0.095000000000000001, 0.30259999999999998, 0.53449999999999998, 0.0533, -0.037100000000000001, -0.038399999999999997, 0.0077000000000000002, 0.41930000000000001, 0.63719999999999999, 0.32219999999999999, -0.0124, 0.033399999999999999, 0.36909999999999998, 0.84219999999999995, 0.24979999999999999, 0.25430000000000003, 0.41470000000000001, 0.087099999999999997, 0.53349999999999997, 0.24790000000000001, 0.13619999999999999, 0.44990000000000002, 0.099000000000000005, -0.042799999999999998, -0.049799999999999997, 0.1242, -0.073200000000000001, -0.11169999999999999, -0.0247, -0.0516, 0.28079999999999999, 0.13969999999999999, 0.24679999999999999, 0.35859999999999997, 0.040300000000000002, 0.74470000000000003, 0.75239999999999996, 0.79220000000000002, 0.57379999999999998, 0.44869999999999999, 0.31590000000000001, 0.90880000000000005, 0.85009999999999997, 0.38340000000000002, 0.53910000000000002, 0.43609999999999999, 0.28299999999999997, 0.23449999999999999, -0.0047999999999999996, 0.2525, 0.31009999999999999, 0.52959999999999996, 0.74880000000000002, 0.53010000000000002, 0.72560000000000002, 0.39479999999999998, 0.4803, 0.3362, 0.74770000000000003, 0.42799999999999999, 0.66159999999999997, 0.41320000000000001, 0.4461, -0.0, -0.077700000000000005, -0.0137, 0.40839999999999999, 0.46899999999999997, 0.098900000000000002, 0.35510000000000003, 0.34589999999999999, 0.66100000000000003, 0.18640000000000001, 0.0064999999999999997, 0.028199999999999999, 0.35799999999999998, 0.26929999999999998, -0.0033, 0.32269999999999999, -0.064699999999999994, -0.1016, 0.37319999999999998, 0.1128, 0.11609999999999999, 0.2175, 0.017899999999999999, 0.002, 0.22320000000000001, 0.31119999999999998, 0.1716, 0.54949999999999999, 0.3634, 0.37459999999999999, 0.3977, -0.0269, 0.2331, 0.13730000000000001, 0.43759999999999999, 0.97689999999999999, 0.56759999999999999, 0.57720000000000005, 0.23230000000000001, 0.3271, 0.31419999999999998, 0.13600000000000001, -0.0106, -0.079500000000000001, 0.15479999999999999, 0.36730000000000002, -0.0051000000000000004, 0.39679999999999999, -0.023300000000000001, 0.45190000000000002, 0.54579999999999995, 0.31419999999999998, 0.62060000000000004, 0.027900000000000001, 0.57630000000000003, 0.73160000000000003, 0.93020000000000003, 0.93010000000000004, 0.77680000000000005, 0.75980000000000003, 0.79010000000000002, 0.39600000000000002, 0.64229999999999998, 0.52629999999999999, 0.76019999999999999, 0.32800000000000001, 0.45529999999999998, 0.75719999999999998, 0.52759999999999996, 0.74580000000000002, 0.86099999999999999, 0.82850000000000001, 0.91439999999999999, 0.91549999999999998, 0.70320000000000005, 0.56720000000000004, 0.48499999999999999, 0.53149999999999997, 0.45040000000000002, 0.1623, 0.4491, 0.11899999999999999, 0.034299999999999997, -0.0067999999999999996, 0.0275, 0.42920000000000003, 0.3755, 0.60509999999999997, 0.73999999999999999, 0.67930000000000001, 0.46260000000000001, 0.011900000000000001, -0.034200000000000001, -0.063, 0.061199999999999997, -0.059999999999999998, -0.0073000000000000001, 0.31240000000000001, 0.20960000000000001, 0.44790000000000002, 0.40300000000000002, 0.2281, 0.10290000000000001, -0.068500000000000005, 0.41149999999999998, 0.83079999999999998, 0.44550000000000001, 0.2099, 0.80249999999999999, 0.092100000000000001, 0.056800000000000003, 0.37959999999999999, 0.47889999999999999, 0.087300000000000003, 0.096699999999999994, 0.30549999999999999, 0.0053, 0.33550000000000002, 0.25009999999999999, 0.28299999999999997, 0.52859999999999996, 0.54649999999999999, 0.084599999999999995, -0.0545, 0.078600000000000003, 0.60319999999999996, 0.14979999999999999, 0.23949999999999999, 0.84219999999999995, 0.3196, 0.77049999999999996, 0.84689999999999999, 0.82079999999999997, 0.90539999999999998, 0.41749999999999998, 0.79279999999999995, 0.74650000000000005, 0.67959999999999998, 0.82499999999999996, 0.75460000000000005, 0.33600000000000002, 0.76239999999999997, 0.72460000000000002, 0.77729999999999999, 0.379, 0.2661, 0.0252, 0.38550000000000001, 0.1462, 0.85119999999999996, 0.66149999999999998, 0.39069999999999999, 0.57640000000000002, 0.52090000000000003, 0.58979999999999999, 0.43590000000000001, 0.68410000000000004, 0.61170000000000002, 0.1096, 0.34510000000000002, 0.1124, 0.090899999999999995, -0.0071999999999999998, 0.20280000000000001, 0.083500000000000005, 0.52839999999999998, 0.16900000000000001, -0.0167, 0.23699999999999999, 0.31640000000000001, 0.22109999999999999, 0.59260000000000002, 0.36059999999999998, 0.60129999999999995, 0.74929999999999997, 0.43640000000000001, 0.42570000000000002, 0.61729999999999996, 0.11799999999999999, 0.37819999999999998, 0.72150000000000003, 0.71399999999999997, 0.82399999999999995, 0.28820000000000001, 0.50339999999999996, 0.81499999999999995, 0.63219999999999998, 0.83230000000000004, 0.84360000000000002, 0.74309999999999998, 0.70299999999999996, 0.77680000000000005, 0.8982, 0.79200000000000004, 0.59019999999999995, 0.84719999999999995, 0.872, 0.74870000000000003, 0.66849999999999998, 0.58689999999999998, 0.84009999999999996, 0.36709999999999998, 0.075300000000000006, -0.060900000000000003, 0.0229, 0.66400000000000003, 0.28510000000000002, 0.28770000000000001, 0.6583, 0.35520000000000002, 0.82499999999999996, 0.83479999999999999, 0.67459999999999998, 0.87170000000000003, 0.28010000000000002, 0.76170000000000004, 0.77300000000000002, 0.87629999999999997, 0.39279999999999998, 0.59150000000000003, 0.34310000000000002, 0.66790000000000005, 0.60519999999999996, 0.3947, 0.53469999999999995, 0.42149999999999999, 0.1348, 0.6764, 0.77529999999999999, 0.60219999999999996, 0.7671, 0.57720000000000005, 0.60699999999999998, 0.5242, 0.72799999999999998, 0.67959999999999998, 0.35699999999999998, 0.26910000000000001, 0.081600000000000006, -0.034299999999999997, 0.050700000000000002, 0.22869999999999999, 0.32300000000000001, 0.051900000000000002, 0.55489999999999995, 0.066199999999999995, 0.11840000000000001, 0.1588, 0.158, 0.20200000000000001, 0.56910000000000005, 0.62260000000000004, 0.84970000000000001, 0.96360000000000001, 0.65639999999999998, 0.57509999999999994, 0.75370000000000004, 0.45800000000000002, 0.35539999999999999, 0.85470000000000002, 0.71440000000000003, 0.72389999999999999, 0.29110000000000003, 0.1719, 0.75039999999999996, 0.65790000000000004, 0.8145, 0.82999999999999996, 0.71089999999999998, 0.4733, 0.91069999999999995, 0.78059999999999996, 0.83540000000000003, 0.23449999999999999, 0.17979999999999999, 0.0094000000000000004, 0.51629999999999998, 0.1537, 0.52339999999999998, 0.75519999999999998, 0.60329999999999995, 0.18129999999999999, 0.12520000000000001, -0.035900000000000001, 0.67849999999999999, 0.4965, 0.19370000000000001, 0.32050000000000001, 0.2155, 0.85709999999999997, 0.67700000000000005, 0.79869999999999997, 0.90269999999999995, 0.55069999999999997, 0.84540000000000004, 0.752, 0.8548, 0.84060000000000001, 0.6361, 0.80979999999999996, 0.73839999999999995, 0.66549999999999998, 0.54820000000000002, 0.0286, 0.75839999999999996, 0.82820000000000005, 0.70630000000000004, 0.55610000000000004, 0.86280000000000001, 0.49869999999999998, 0.52210000000000001, 0.60419999999999996, 0.111, 0.65410000000000001, 0.82650000000000001, -0.0028, 0.57169999999999999, -0.0094000000000000004, -0.0079000000000000008, 0.1424, 0.1416, 0.1946, 0.2631, 0.25390000000000001, 0.27839999999999998, -0.02, 0.3705, 0.1114, 0.16220000000000001, -0.069699999999999998, 0.080699999999999994, 0.0054000000000000003, 0.0112, 0.091399999999999995, 0.1893, 0.31130000000000002, 0.1084, 0.3538, 0.65429999999999999, 0.19270000000000001, 0.111, 0.25069999999999998, 0.72170000000000001, 0.46839999999999998, 0.59809999999999997, 0.89429999999999998, 0.84609999999999996, 0.84119999999999995, 0.84930000000000005, 0.9748, 0.78129999999999999, 0.82389999999999997, 0.89319999999999999, 0.86209999999999998, 0.7802, 0.71199999999999997, 0.66400000000000003, 0.80159999999999998, 0.45939999999999998, 0.31330000000000002, 0.014500000000000001, 0.00040000000000000002, 0.55769999999999997, 0.16800000000000001, 0.24149999999999999, 0.13780000000000001, 0.1867, 0.80879999999999996, 0.62590000000000001, 0.71189999999999998, 0.8992, 0.20680000000000001, 0.70250000000000001, 0.86680000000000001, 0.84509999999999996, 0.71699999999999997, 0.86560000000000004, 0.90369999999999995, 0.87590000000000001, 0.31780000000000003, 0.66639999999999999, 0.25009999999999999, 0.81420000000000003, 0.80669999999999997, 0.68859999999999999, 0.71899999999999997, 0.44590000000000002, 0.64070000000000005, 0.74809999999999999, 0.1129, 0.64849999999999997, 0.73609999999999998, -0.032500000000000001, 0.77869999999999995, -0.060999999999999999, 0.0458, 0.059499999999999997, 0.45789999999999997, 0.0121, 0.14949999999999999, 0.32690000000000002, 0.26919999999999999, 0.4047, 0.061699999999999998, 0.34200000000000003, 0.094600000000000004, -0.070900000000000005, 0.23419999999999999, -0.018200000000000001, 0.1235, -0.014999999999999999, 0.17449999999999999, 0.26600000000000001, 0.36080000000000001, 0.48409999999999997, 0.65169999999999995, 0.23949999999999999, 0.0344, -0.052600000000000001, 0.70579999999999998, 0.091399999999999995, -0.10929999999999999, 0.74690000000000001, 0.78280000000000005, 0.7228, 0.51029999999999998, 0.96489999999999998, 0.70509999999999995, 0.86219999999999997, 0.72099999999999997, 0.76500000000000001, 0.74050000000000005, 0.80679999999999996, 0.80510000000000004, 0.94379999999999997, 0.63390000000000002, 0.2833, 0.064000000000000001, 0.1149, 0.59019999999999995, 0.024, 0.43630000000000002, 0.46960000000000002, 0.44550000000000001, 0.71160000000000001, 0.47589999999999999, 0.91590000000000005, 0.59889999999999999, 0.2586, 0.86480000000000001, 0.82469999999999999, 0.82589999999999997, 0.51659999999999995, 0.64459999999999995, 0.6522, 0.6109, 0.22839999999999999, 0.56000000000000005, 0.77239999999999998, 0.66090000000000004, 0.5756, 0.66210000000000002, 0.5131, 0.42380000000000001, 0.36559999999999998, 0.57740000000000002, 0.56399999999999995, 0.1336, 0.39119999999999999, 0.77039999999999997, 0.25979999999999998, -0.044900000000000002, 0.10199999999999999, 0.085999999999999993, 0.11899999999999999, 0.1245, 0.3387, 0.48170000000000002, 0.2404, 0.15359999999999999, 0.2248, 0.082400000000000001, 0.17879999999999999, 0.35010000000000002, 0.68689999999999996, 0.45950000000000002, 0.30620000000000003, 0.64219999999999999, 0.48430000000000001, 0.1963, 0.012699999999999999, 0.0189, 0.57130000000000003, -0.070499999999999993, 0.052299999999999999, 0.67000000000000004, 0.30080000000000001, 0.377, 0.75009999999999999, 0.71609999999999996, 0.083599999999999994, 0.54800000000000004, 0.91869999999999996, 0.83989999999999998, 0.82330000000000003, 0.81930000000000003, 0.77929999999999999, 0.76100000000000001, 0.78720000000000001, 0.57620000000000005, 0.8952, 0.55000000000000004, 0.21310000000000001, 0.088200000000000001, 0.3095, 0.62050000000000005, 0.46210000000000001, 0.76129999999999998, 0.72419999999999995, 0.32769999999999999, 0.71789999999999998, 0.9032, 0.94199999999999995, 0.75670000000000004, 0.61250000000000004, 0.754, 0.76790000000000003, 0.58679999999999999, 0.59079999999999999, 0.69310000000000005, 0.65869999999999995, 0.1676, 0.39129999999999998, 0.56389999999999996, 0.4708, 0.60619999999999996, 0.57609999999999995, 0.77790000000000004, 0.5645, 0.69879999999999998, 0.42670000000000002, 0.64590000000000003, 0.39589999999999997, 0.53800000000000003, 0.191, 0.2276, 0.16320000000000001, -0.023900000000000001, 0.023599999999999999, 0.025999999999999999, 0.12470000000000001, 0.4224, 0.38150000000000001, 0.28410000000000002, 0.097900000000000001, 0.27860000000000001, 0.31480000000000002, 0.1197, 0.1293, -0.0101, 0.024400000000000002, -0.082699999999999996, 0.53359999999999996, 0.38350000000000001, 0.54410000000000003, -0.038600000000000002, 0.19639999999999999, 0.11360000000000001, 0.055899999999999998, -0.052699999999999997, 0.44469999999999998, -0.0111, 0.079799999999999996, 0.30480000000000002, 0.73609999999999998, 0.082699999999999996, 0.23760000000000001, 0.21429999999999999, 0.23039999999999999, 0.48099999999999998, 0.66059999999999997, 0.56720000000000004, 0.87380000000000002, 0.73929999999999996, 0.47260000000000002, 0.9032, 0.68700000000000006, -0.0089999999999999993, 0.25929999999999997, 0.032599999999999997, 0.58179999999999998, 0.4299, 0.5544, 0.54930000000000001, 0.20930000000000001, 0.57689999999999997, 0.77559999999999996, 0.84930000000000005, 0.61990000000000001, 0.48870000000000002, 0.25840000000000002, 0.71340000000000003, 0.61339999999999995, 0.68969999999999998, 0.35780000000000001, 0.51839999999999997, 0.58320000000000005, 0.6028, 0.75860000000000005, 0.72309999999999997, 0.63549999999999995, 0.36699999999999999, 0.36730000000000002, 0.45750000000000002, -0.14149999999999999, 0.4672, 0.30320000000000003, -0.079899999999999999, 0.096100000000000005, -0.1007, nan, -0.1038, -0.0051999999999999998, 0.0063, 0.1028, -0.038399999999999997, 0.49990000000000001, 0.40010000000000001, -0.059900000000000002, 0.1898, 0.8034, 0.16120000000000001, 0.24979999999999999, 0.049399999999999999, 0.083000000000000004, -0.096199999999999994, 0.25209999999999999, 0.29430000000000001, -0.12670000000000001, -0.14410000000000001, 0.027, -0.057299999999999997, 0.015900000000000001, 0.57699999999999996, 0.80979999999999996, -0.0147, 0.1047, -0.037499999999999999, -0.021299999999999999, 0.027099999999999999, 0.016899999999999998, 0.080799999999999997, -0.062199999999999998, 0.35730000000000001, 0.1961, -0.0149, 0.0063, 0.4632, 0.073599999999999999, 0.21110000000000001, 0.46839999999999998, 0.046399999999999997, 0.0, 0.2364, 0.65169999999999995, 0.77010000000000001, 0.3165, 0.3624, 0.37340000000000001, 0.1009, 0.1203, 0.3397, 0.15359999999999999, -0.1222, 0.88929999999999998, 0.90280000000000005, 0.86599999999999999, 0.44679999999999997, 0.32729999999999998, 0.40079999999999999, 0.79920000000000002, 0.67710000000000004, 0.51919999999999999, 0.63429999999999997, 0.64410000000000001, 0.75329999999999997, 0.72599999999999998, 0.1807, 0.68520000000000003, 0.85529999999999995, 0.2172, 0.098400000000000001, 0.2051, 0.19689999999999999, 0.10000000000000001, 0.25230000000000002, -0.055300000000000002, 0.17599999999999999, 0.30059999999999998, 0.26069999999999999, 0.27429999999999999, -0.0054999999999999997, 0.5212, 0.071400000000000005, 0.37609999999999999, 0.091499999999999998, -0.013299999999999999, 0.050099999999999999, -0.078299999999999995, 0.18640000000000001, 0.28699999999999998, 0.1479, 0.40039999999999998, 0.59289999999999998, 0.13880000000000001, 0.022499999999999999, -0.046199999999999998, -0.036799999999999999, 0.20219999999999999, -0.014800000000000001, 0.17519999999999999, 0.69210000000000005, 0.11459999999999999, 0.37590000000000001, 0.83109999999999995, 0.50380000000000003, 0.86970000000000003, 0.71999999999999997, 0.63649999999999995, 0.51980000000000004, 0.86309999999999998, 0.69440000000000002, 0.69450000000000001, 0.56469999999999998, 0.4597, 0.34039999999999998, 0.057299999999999997, 0.52610000000000001, 0.57969999999999999, 0.18190000000000001, 0.28860000000000002, 0.4481, 0.30180000000000001, 0.2878, 0.42280000000000001, 0.30399999999999999, 0.22189999999999999, 0.94920000000000004, 0.90459999999999996, 0.67800000000000005, 0.34770000000000001, 0.57079999999999997, 0.81859999999999999, 0.76370000000000005, 0.69440000000000002, 0.78259999999999996, 0.58309999999999995, 0.73460000000000003, 0.7913, 0.48089999999999999, 0.5746, 0.89700000000000002, 0.17560000000000001, 0.70750000000000002, 0.0528, -0.0061000000000000004, -0.22120000000000001, 0.1036, 0.027300000000000001, 0.24060000000000001, 0.152, 0.1129, 0.28399999999999997, 0.1603, 0.3826, 0.38779999999999998, 0.4728, 0.057500000000000002, 0.047500000000000001, 0.81759999999999999, 0.17530000000000001, 0.26600000000000001, -0.046399999999999997, 0.029999999999999999, 0.49559999999999998, 0.50339999999999996, 0.19750000000000001, 0.14080000000000001, -0.0080000000000000002, 0.2467, 0.2051, 0.2145, 0.3266, 0.59740000000000004, 0.6129, 0.48309999999999997, 0.1124, 0.37509999999999999, 0.81369999999999998, 0.65900000000000003, 0.84019999999999995, 0.8196, 0.83850000000000002, 0.64370000000000005, 0.54359999999999997, 0.504, 0.35680000000000001, -0.073999999999999996, 0.8044, 0.61539999999999995, 0.058799999999999998, 0.20830000000000001, 0.55720000000000003, 0.39750000000000002, 0.34610000000000002, 0.36730000000000002, 0.73450000000000004, 0.87729999999999997, 0.46789999999999998, 0.83530000000000004, 0.70630000000000004, 0.3503, 0.1208, 0.70899999999999996, 0.83350000000000002, 0.2366, 0.83409999999999995, 0.14000000000000001, 0.36370000000000002, 0.76500000000000001, -0.00059999999999999995, 0.77810000000000001, 0.73899999999999999, 0.38879999999999998, 0.27539999999999998, 0.64290000000000003, -0.072900000000000006, 0.1202, 0.63829999999999998, -0.0659, 0.46920000000000001, 0.64249999999999996, 0.16220000000000001, 0.096199999999999994, 0.0269, 0.25659999999999999, 0.70889999999999997, 0.36409999999999998, 0.41560000000000002, 0.026700000000000002, 0.0533, 0.098299999999999998, -0.1084, 0.45860000000000001, 0.16600000000000001, 0.19020000000000001, 0.2823, 0.27139999999999997, 0.094200000000000006, -0.093700000000000006, 0.3725, -0.042200000000000001, 0.060199999999999997, 0.1628, 0.37080000000000002, 0.69179999999999997, 0.26029999999999998, 0.19570000000000001, 0.24249999999999999, 0.95730000000000004, 0.96309999999999996, 0.62280000000000002, 0.72719999999999996, 0.89959999999999996, 0.55920000000000003, 0.0167, 0.26960000000000001, 0.3367, 0.41349999999999998, 0.057299999999999997, 0.32969999999999999, 0.23250000000000001, 0.313, 0.68230000000000002, 0.57089999999999996, 0.35899999999999999, 0.59419999999999995, 0.46489999999999998, 0.83589999999999998, 0.34200000000000003, 0.64600000000000002, 0.60440000000000005, 0.76200000000000001, 0.7994, 0.83050000000000002, 0.55649999999999999, 0.72699999999999998, 0.38350000000000001, 0.2072, 0.35570000000000002, 0.18210000000000001, 0.36659999999999998, 0.61499999999999999, -0.0067999999999999996, 0.69950000000000001, -0.058900000000000001, -0.049700000000000001, -0.074800000000000005, -0.051999999999999998, 0.13789999999999999, -0.040500000000000001, -0.061400000000000003, -0.030099999999999998, -0.012200000000000001, -0.041200000000000001, 0.086900000000000005, 0.57789999999999997, 0.115, 0.0135, -0.0086999999999999994, 0.1449, -0.020899999999999998, -0.0028, -0.066000000000000003, 0.33029999999999998, 0.065600000000000006, 0.3337, 0.28070000000000001, 0.15620000000000001, -0.060299999999999999, -0.046800000000000001, 0.16539999999999999, 0.26090000000000002, 0.042200000000000001, 0.31530000000000002, 0.45179999999999998, 0.4143, 0.1066, 0.24160000000000001, 0.47889999999999999, 0.70589999999999997, 0.25519999999999998, 0.28560000000000002, 0.68130000000000002, 0.71750000000000003, 0.0011999999999999999, 0.1467, -0.0533, 0.0067000000000000002, 0.15060000000000001, 0.57669999999999999, 0.30909999999999999, 0.34460000000000002, 0.76700000000000002, 0.19500000000000001, 0.2747, 0.78649999999999998, 0.37440000000000001, 0.94220000000000004, 0.071400000000000005, 0.65949999999999998, 0.20080000000000001, 0.4839, 0.53359999999999996, 0.1192, 0.64710000000000001, 0.098500000000000004, 0.71519999999999995, 0.60499999999999998, 0.50960000000000005, 0.3992, 0.17430000000000001, 0.33989999999999998, -0.085800000000000001, -0.0693, -0.049200000000000001, 0.017500000000000002, -0.0077999999999999996, 0.022700000000000001, 0.20130000000000001, -0.058599999999999999, 0.024899999999999999, -0.059799999999999999, 0.35360000000000003, 0.32290000000000002, -0.024799999999999999, 0.51649999999999996, -0.0275, -0.055800000000000002, -0.00050000000000000001, 0.063399999999999998, 0.18809999999999999, 0.32019999999999998, 0.13200000000000001, 0.39679999999999999, 0.15190000000000001, -0.045699999999999998, 0.051700000000000003, 0.94669999999999999, 0.58240000000000003, 0.2445, 0.30270000000000002, 0.18679999999999999, 0.17760000000000001, 0.71799999999999997, 0.73740000000000006, 0.25119999999999998, 0.39660000000000001, -0.025000000000000001, 0.053199999999999997, 0.41920000000000002, 0.8095, 0.2044, 0.1118, 0.062700000000000006, 0.27560000000000001, 0.067799999999999999, 0.013899999999999999, 0.50900000000000001, 0.12429999999999999, 0.27650000000000002, -0.054699999999999999, 0.78580000000000005, 0.046899999999999997, 0.54530000000000001, 0.64859999999999995, 0.5968, 0.2339, 0.30159999999999998, 0.29049999999999998, 0.32029999999999997, 0.1326, 0.13569999999999999, 0.0091999999999999998, 0.14760000000000001, -0.0872, 0.11219999999999999, -0.00059999999999999995, -0.031199999999999999, -0.1308, -0.0625, -0.0, -0.0, 0.0, -0.063899999999999998, 0.38150000000000001, 0.0, 0.21809999999999999, 0.44969999999999999, -0.058700000000000002, -0.0722, -0.1147, -0.065100000000000005, 0.16789999999999999, 0.65339999999999998, -0.0177, 0.0, 0.0, -0.036400000000000002, 0.67879999999999996, 0.0, -0.0344, 0.71799999999999997, 0.36320000000000002, 0.0, nan, 0.0, nan, nan, 0.66169999999999995, 0.14230000000000001, -0.029100000000000001, 0.031699999999999999, -0.044200000000000003, 0.50929999999999997, 0.0080999999999999996, 0.0043, 0.066400000000000001, -0.0557, -0.037199999999999997, 0.079699999999999993, 0.86680000000000001, -0.057599999999999998, 0.52480000000000004, -0.0654, 0.0, 0.041700000000000001, -0.021399999999999999, -0.0, 0.042000000000000003, 0.2445, -0.0, 0.3594, 0.43099999999999999, -0.0051999999999999998, 0.3589, 0.18260000000000001, 0.76149999999999995, 0.57669999999999999, 0.30840000000000001, 0.80089999999999995, 0.82250000000000001, 0.51649999999999996, 0.87019999999999997, 0.26619999999999999, 0.78369999999999995, 0.63480000000000003, -0.079799999999999996, 0.78990000000000005, -0.0574, 0.0, 0.72519999999999996, 0.030599999999999999, 0.0, 0.0, 0.28029999999999999, -0.0023999999999999998, 0.13120000000000001, 0.0, -0.089800000000000005, 0.00089999999999999998, -0.066400000000000001, -0.12590000000000001, -0.039800000000000002, 0.0, -0.0, -0.054699999999999999, 0.17680000000000001, -0.0, -0.048300000000000003, -0.0076, -0.098299999999999998, nan, nan, -0.0286, -0.039800000000000002, 0.24010000000000001, 0.1012, 0.21049999999999999, 0.73099999999999998, 0.1699, 0.031699999999999999, -0.0441, 0.68140000000000001, 0.44940000000000002, 0.20369999999999999, 0.71479999999999999, 0.4078, 0.4259, 0.15459999999999999, 0.11749999999999999, -0.076499999999999999, 0.0, 0.0083000000000000001, 0.19869999999999999, 0.6492, 0.0155, 0.33019999999999999, -0.054699999999999999, -0.098900000000000002, 0.39739999999999998, 0.032199999999999999, 0.19059999999999999, -0.048500000000000001, 0.51039999999999996, 0.75139999999999996, 0.80000000000000004, 0.51370000000000005, 0.20749999999999999, 0.82789999999999997, 0.084199999999999997, 0.66410000000000002, 0.4551, 0.44829999999999998, 0.31059999999999999, 0.38590000000000002, -0.059299999999999999, 0.070499999999999993, 0.2389, -0.1147, -0.0448, -0.027099999999999999, -0.0030999999999999999, 0.0018, -0.035499999999999997, 0.063799999999999996, 0.1057, 0.047, -0.060699999999999997, 0.025600000000000001, -0.032599999999999997, -0.040000000000000001, 0.063399999999999998, 0.16320000000000001, 0.23169999999999999, 0.048300000000000003, 0.052900000000000003, 0.16900000000000001, 0.038100000000000002, 0.37759999999999999, -0.051200000000000002, -0.085300000000000001, 0.0032000000000000002, 0.32740000000000002, 0.52149999999999996, 0.22370000000000001, 0.1605, 0.043700000000000003, 0.038199999999999998, 0.64019999999999999, 0.75390000000000001, 0.32100000000000001, 0.2576, 0.59689999999999999, 0.12590000000000001, 0.4093, 0.46689999999999998, 0.088800000000000004, -0.0064999999999999997, 0.091300000000000006, 0.64839999999999998, 0.1099, 0.32750000000000001, 0.59240000000000004, 0.0545, -0.0015, 0.61970000000000003, -0.0137, 0.2195, 0.45779999999999998, 0.82479999999999998, 0.73660000000000003, 0.78610000000000002, 0.82740000000000002, 0.77990000000000004, 0.023199999999999998, 0.5766, 0.50590000000000002, -0.1072, -0.31069999999999998, -0.1323, 0.0027000000000000001, -0.051999999999999998, 0.14019999999999999, 0.0407, 0.13850000000000001, 0.2417, 0.26419999999999999, 0.57399999999999995, 0.3916, 0.25969999999999999, 0.18679999999999999, 0.069500000000000006, 0.014500000000000001, 0.2492, 0.042900000000000001, 0.92059999999999997, 0.43730000000000002, 0.63029999999999997, 0.033799999999999997, 0.74970000000000003, 0.20780000000000001, 0.079899999999999999, 0.065299999999999997, 0.19980000000000001, 0.56689999999999996, 0.53049999999999997, 0.0877, 0.18529999999999999, 0.29170000000000001, 0.47939999999999999, 0.37019999999999997, 0.34370000000000001, 0.1157, 0.85150000000000003, 0.69210000000000005, 0.52610000000000001, 0.84660000000000002, 0.39479999999999998, 0.36080000000000001, 0.16170000000000001, 0.4521, 0.0206, -0.035499999999999997, -0.084000000000000005, 0.71699999999999997, 0.66849999999999998, 0.066900000000000001, 0.20369999999999999, 0.1036, 0.34960000000000002, 0.37330000000000002, 0.24229999999999999, 0.3518, 0.0843, 0.76470000000000005, 0.71540000000000004, 0.81100000000000005, 0.84299999999999997, 0.63080000000000003, 0.35060000000000002, 0.86099999999999999, -0.073800000000000004, -0.070300000000000001, -0.1386, 0.14499999999999999, -0.053100000000000001, 0.19919999999999999, 0.017999999999999999, 0.15959999999999999, 0.62660000000000005, 0.42430000000000001, 0.46500000000000002, 0.063200000000000006, 0.84060000000000001, 0.38019999999999998, 0.017600000000000001, -0.091499999999999998, -0.090999999999999998, -0.0281, 0.33189999999999997, 0.070499999999999993, 0.1714, 0.0064999999999999997, 0.020199999999999999, 0.4869, -0.091200000000000003, -0.0074999999999999997, 0.55420000000000003, 0.53700000000000003, 0.074300000000000005, -0.076799999999999993, 0.47399999999999998, 0.54410000000000003, 0.12540000000000001, 0.31769999999999998, 0.309, 0.20760000000000001, 0.21940000000000001, 0.49569999999999997, 0.091300000000000006, 0.72660000000000002, 0.71679999999999999, 0.20710000000000001, 0.44900000000000001, 0.051200000000000002, -0.069599999999999995, -0.024500000000000001, -0.025399999999999999, 0.58509999999999995, 0.246, 0.1082, 0.67630000000000001, 0.33689999999999998, 0.32840000000000003, 0.069500000000000006, 0.26519999999999999, 0.37790000000000001, 0.018200000000000001, 0.68600000000000005, 0.88500000000000001, 0.79269999999999996, 0.70940000000000003, 0.57579999999999998, 0.77180000000000004, 0.015299999999999999, -0.016799999999999999, 0.049099999999999998, -0.031199999999999999, 0.3538, 0.58940000000000003, 0.071900000000000006, 0.30709999999999998, 0.62670000000000003, 0.071999999999999995, 0.23799999999999999, 0.64019999999999999, 0.50209999999999999, 0.34789999999999999, 0.2394, 0.060999999999999999, 0.093299999999999994, -0.14019999999999999, -0.025399999999999999, 0.27789999999999998, 0.45929999999999999, 0.30030000000000001, 0.1234, 0.38200000000000001, -0.027699999999999999, -0.020400000000000001, 0.31340000000000001, -0.094399999999999998, 0.047800000000000002, -0.1409, 0.57969999999999999, 0.30020000000000002, 0.64890000000000003, 0.38640000000000002, 0.17599999999999999, 0.34300000000000003, 0.70850000000000002, 0.69179999999999997, 0.1817, 0.83260000000000001, 0.62609999999999999, 0.34100000000000003, 0.26600000000000001, 0.41370000000000001, 0.12759999999999999, 0.128, 0.096299999999999997, 0.43930000000000002, 0.31440000000000001, 0.65590000000000004, 0.2893, 0.56120000000000003, 0.049500000000000002, 0.2049, -0.085900000000000004, 0.23200000000000001, -0.0053, 0.73450000000000004, 0.73850000000000005, 0.51170000000000004, 0.64429999999999998, 0.46899999999999997, -0.14369999999999999, -0.1069, -0.047, -0.0, 0.060699999999999997, -0.076700000000000004, 0.18779999999999999, 0.65629999999999999, -0.1071, 0.096600000000000005, -0.017999999999999999, 0.1174, 0.1091, 0.30349999999999999, 0.082600000000000007, 0.55710000000000004, -0.021100000000000001, 0.002, 0.83009999999999995, 0.4103, -0.0206, 0.3765, 0.23449999999999999, 0.81850000000000001, 0.4138, 0.11119999999999999, 0.40660000000000002, 0.73540000000000005, 0.13880000000000001, 0.17699999999999999, 0.37259999999999999, 0.4365, 0.46279999999999999, 0.44650000000000001, 0.55130000000000001, 0.70579999999999998, 0.00050000000000000001, 0.45390000000000003, 0.079399999999999998, 0.6855, 0.080799999999999997, 0.30669999999999997, 0.97519999999999996, 0.47060000000000002, -0.022700000000000001, -0.0, -0.0066, 0.57709999999999995, 0.43980000000000002, 0.31440000000000001, 0.34399999999999997, 0.17480000000000001, 0.5605, 0.16869999999999999, 0.31390000000000001, 0.20330000000000001, -0.0099000000000000008, 0.8972, 0.81000000000000005, 0.90259999999999996, 0.72330000000000005, 0.46339999999999998, 0.026700000000000002, 0.0097999999999999997, 0.029700000000000001, 0.0050000000000000001, 0.4461, 0.073300000000000004, 0.47120000000000001, 0.77500000000000002, 0.093399999999999997, 0.1759, 0.36599999999999999, 0.21829999999999999, 0.10290000000000001, -0.014800000000000001, 0.36919999999999997, 0.18559999999999999, -0.039100000000000003, 0.0106, 0.37769999999999998, 0.55059999999999998, 0.52810000000000001, 0.029600000000000001, 0.48930000000000001, 0.50800000000000001, -0.0166, -0.062199999999999998, 0.77710000000000001, 0.081900000000000001, 0.081900000000000001, 0.27089999999999997, 0.1741, 0.4839, 0.53010000000000002, 0.42809999999999998, 0.34160000000000001, 0.44779999999999998, 0.57540000000000002, 0.24049999999999999, 0.71950000000000003, 0.57809999999999995, 0.23810000000000001, 0.26740000000000003, 0.010200000000000001, 0.2082, 0.036499999999999998, -0.018100000000000002, 0.45689999999999997, 0.29559999999999997, 0.38779999999999998, 0.84499999999999997, 0.1706, 0.27000000000000002, 0.2344, 0.2621, 0.154, 0.20530000000000001, 0.75149999999999995, 0.89549999999999996, 0.84160000000000001, 0.068099999999999994, 0.1106, 0.31900000000000001, -0.013299999999999999, 0.20580000000000001, 0.67030000000000001, 0.035799999999999998, 0.31019999999999998, 0.57550000000000001, 0.31740000000000002, 0.31290000000000001, 0.52339999999999998, 0.58709999999999996, -0.044900000000000002, 0.0015, -0.013599999999999999, 0.22689999999999999, 0.043200000000000002, -0.085500000000000007, 0.45679999999999998, 0.42209999999999998, 0.46560000000000001, 0.41699999999999998, 0.40629999999999999, 0.054100000000000002, 0.098699999999999996, 0.13289999999999999, -0.082299999999999998, -0.020500000000000001, 0.041399999999999999, 0.50700000000000001, 0.33810000000000001, 0.68269999999999997, 0.81779999999999997, 0.11020000000000001, 0.42259999999999998, 0.66479999999999995, 0.52539999999999998, 0.51080000000000003, 0.83589999999999998, 0.80520000000000003, 0.76300000000000001, 0.36470000000000002, 0.1086, 0.2898, -0.0104, 0.15240000000000001, 0.69310000000000005, 0.2923, 0.58279999999999998, 0.49409999999999998, 0.69850000000000001, 0.18459999999999999, 0.32300000000000001, 0.068699999999999997, 0.44519999999999998, 0.062600000000000003, 0.7742, 0.33489999999999998, -0.062600000000000003, -0.014999999999999999, -0.0, nan, 0.0, -0.1038, 0.318, -0.0067000000000000002, 0.0055999999999999999, -0.0178, -0.019300000000000001, -0.0047000000000000002, 0.2059, 0.076300000000000007, 0.21329999999999999, 0.26929999999999998, -0.056000000000000001, -0.0070000000000000001, 0.2457, 0.023800000000000002, -0.0287, 0.025899999999999999, -0.022800000000000001, 0.12330000000000001, 0.1671, -0.0, -0.0, 0.24779999999999999, -0.051400000000000001, 0.10150000000000001, 0.038300000000000001, -0.0124, -0.050200000000000002, 0.31669999999999998, -0.022100000000000002, 0.0077000000000000002, -0.0025999999999999999, 0.64900000000000002, -0.033799999999999997, 0.070900000000000005, 0.316, 0.0, 0.0, -0.052299999999999999, 0.70409999999999995, 0.0, -0.0286, -0.046899999999999997, 0.34670000000000001, 0.32590000000000002, -0.14810000000000001, 0.089300000000000004, 0.0402, 0.043099999999999999, 0.030300000000000001, 0.0011000000000000001, -0.0229, 0.71189999999999998, 0.1338, 0.41610000000000003, 0.078600000000000003, 0.2145, 0.47210000000000002, 0.6744, 0.5454, 0.8145, 0.62080000000000002, 0.67149999999999999, 0.46089999999999998, 0.66979999999999995, 0.88560000000000005, 0.82250000000000001, 0.52039999999999997, 0.53029999999999999, 0.48309999999999997, 0.29920000000000002, 0.9244, 0.626, 0.19120000000000001, 0.68210000000000004, 0.97540000000000004, 0.9143, 0.86470000000000002, 0.68289999999999995, 0.19600000000000001, 0.041500000000000002, 0.6421, 0.68930000000000002, 0.69799999999999995, 0.46350000000000002, 0.70530000000000004, 0.69720000000000004, 0.47420000000000001, 0.56850000000000001, 0.65280000000000005, 0.59919999999999995, 0.70040000000000002, 0.54910000000000003, 0.87280000000000002, 0.87260000000000004, 0.52239999999999998, 0.0872, 0.82330000000000003, -0.064399999999999999, -0.033399999999999999, 0.53759999999999997, 0.58230000000000004, 0.75190000000000001, 0.61709999999999998, 0.2717, 0.63249999999999995, 0.56740000000000002, 0.53910000000000002, 0.73280000000000001, 0.74650000000000005, 0.15210000000000001, 0.10829999999999999, -0.051299999999999998, 0.1016, 0.35020000000000001, 0.63970000000000005, 0.76470000000000005, 0.22189999999999999, 0.57699999999999996, 0.3095, 0.3574, 0.18210000000000001, 0.81659999999999999, 0.8679, 0.84189999999999998, 0.70779999999999998, 0.62609999999999999, 0.60609999999999997, 0.92769999999999997, 0.57269999999999999, 0.69410000000000005, 0.65990000000000004, 0.89739999999999998, 0.4355, 0.25819999999999999, 0.52880000000000005, 0.59199999999999997, -0.058000000000000003, 0.73209999999999997, 0.31669999999999998, 0.40460000000000002, 0.81669999999999998, 0.64080000000000004, 0.82979999999999998, 0.16880000000000001, 0.60770000000000002, 0.8891, 0.83919999999999995, 0.49349999999999999, 0.4456, 0.88629999999999998, 0.6643, 0.1225, 0.1447, 0.16059999999999999, 0.088900000000000007, 0.096100000000000005, 0.61319999999999997, 0.69830000000000003, 0.60240000000000005, 0.59919999999999995, 0.72140000000000004, -0.094200000000000006, 0.20000000000000001, 0.52139999999999997, 0.15129999999999999, 0.59150000000000003, 0.49569999999999997, 0.2908, 0.1832, 0.66090000000000004, 0.62439999999999996, 0.83189999999999997, 0.010200000000000001, 0.55979999999999996, 0.47270000000000001, 0.46949999999999997, 0.33150000000000002, 0.58740000000000003, 0.34320000000000001, 0.1371, 0.29780000000000001, 0.33679999999999999, 0.66200000000000003, 0.60719999999999996, 0.16070000000000001, 0.66800000000000004, 0.42730000000000001, 0.31559999999999999, 0.14699999999999999, 0.27760000000000001, 0.40110000000000001, 0.76739999999999997, 0.66410000000000002, 0.49109999999999998, 0.49370000000000003, 0.22209999999999999, 0.22209999999999999, 0.49440000000000001, 0.30299999999999999, 0.31190000000000001, 0.20030000000000001, 0.66420000000000001, 0.49249999999999999, 0.29530000000000001, 0.64419999999999999, 0.29299999999999998, 0.505, 0.40629999999999999, 0.3538, 0.084400000000000003, 0.20749999999999999, 0.69279999999999997, 0.70750000000000002, 0.70879999999999999, 0.64649999999999996, 0.76090000000000002, 0.88649999999999995, 0.626, 0.55459999999999998, 0.55779999999999996, 0.63270000000000004, 0.5272, 0.76570000000000005, 0.49270000000000003, 0.61309999999999998, 0.63829999999999998, 0.83830000000000005, 0.00020000000000000001, 0.58709999999999996, 0.71919999999999995, 0.6119, 0.22339999999999999, 0.030599999999999999, 0.1003, 0.1169, -0.069500000000000006, 0.030099999999999998, 0.27910000000000001, 0.7429, -0.0067000000000000002, 0.52400000000000002, 0.073499999999999996, 0.42359999999999998, 0.32129999999999997, 0.036799999999999999, 0.29699999999999999, -0.1099, 0.15640000000000001, 0.33929999999999999, 0.30649999999999999, 0.0339, 0.048899999999999999, 0.27410000000000001, 0.036499999999999998, 0.052699999999999997, 0.19020000000000001, 0.54039999999999999, 0.61339999999999995, 0.1918, 0.18920000000000001, 0.59770000000000001, 0.61040000000000005, 0.11, 0.13519999999999999, -0.1135, -0.010699999999999999, 0.37, 0.75719999999999998, 0.46839999999999998, 0.88249999999999995, 0.42799999999999999, 0.88360000000000005, 0.094600000000000004, 0.41970000000000002, 0.75619999999999998, 0.53869999999999996, 0.54569999999999996, 0.35320000000000001, 0.36599999999999999, 0.42770000000000002, 0.77859999999999996, 0.45490000000000003, 0.749, 0.57820000000000005, 0.72899999999999998, 0.12559999999999999, 0.81859999999999999, 0.76819999999999999, 0.63570000000000004, 0.43140000000000001, 0.34870000000000001, -0.0327, 0.70679999999999998, 0.15279999999999999, 0.057799999999999997, 0.17480000000000001, -0.067100000000000007, 0.046300000000000001, 0.093799999999999994, 0.14219999999999999, 0.067000000000000004, 0.4078, -0.0124, 0.46910000000000002, 0.0608, -0.1255, 0.32529999999999998, 0.249, 0.046600000000000003, 0.35020000000000001, 0.70150000000000001, 0.22620000000000001, 0.15509999999999999, 0.4375, 0.2051, 0.17280000000000001, 0.48420000000000002, 0.32500000000000001, -0.065100000000000005, 0.15240000000000001, 0.2072, 0.65910000000000002, 0.56279999999999997, 0.85929999999999995, 0.78979999999999995, 0.88349999999999995, 0.4128, 0.41909999999999997, 0.15490000000000001, 0.26369999999999999, 0.21820000000000001, 0.84819999999999995, 0.55169999999999997, 0.13869999999999999, 0.0047999999999999996, 0.39439999999999997, 0.61350000000000005, 0.63239999999999996, 0.094, 0.14999999999999999, 0.43059999999999998, 0.79969999999999997, 0.24399999999999999, 0.0044999999999999997, 0.1077, 0.076999999999999999, -0.049200000000000001, 0.68940000000000001, 0.066500000000000004, -0.035099999999999999, 0.055300000000000002, 0.61109999999999998, 0.0061999999999999998, -0.076300000000000007, 0.17380000000000001, -0.0574, 0.1072, 0.25440000000000002, -0.038199999999999998, 0.0528, 0.049799999999999997, -0.017399999999999999, 0.085300000000000001, -0.028799999999999999, 0.2132, 0.077299999999999994, 0.00069999999999999999, 0.1032, 0.1193, -0.0014, 0.23849999999999999, -0.1138, -0.044999999999999998, 0.074499999999999997, 0.1198, 0.12889999999999999, 0.18579999999999999, 0.32700000000000001, 0.24299999999999999, 0.35580000000000001, 0.1779, 0.37080000000000002, 0.073899999999999993, 0.14449999999999999, 0.75219999999999998, 0.26700000000000002, 0.0088000000000000005, 0.72130000000000005, 0.76490000000000002, 0.83730000000000004, 0.52310000000000001, 0.0911, 0.18029999999999999, 0.18190000000000001, 0.2797, 0.034000000000000002, 0.071300000000000002, 0.31209999999999999, 0.18140000000000001, 0.80400000000000005, 0.59719999999999995, 0.54200000000000004, 0.44209999999999999, 0.014500000000000001, 0.21659999999999999, -0.036799999999999999, 0.1018, -0.058000000000000003, 0.1116, 0.021299999999999999, 0.38190000000000002, 0.0521, 0.15909999999999999, 0.24349999999999999, 0.2402, 0.24629999999999999, 0.2606, 0.020799999999999999, 0.070300000000000001, 0.50260000000000005, 0.39069999999999999, 0.20250000000000001, 0.47570000000000001, 0.15509999999999999, 0.36799999999999999, 0.44319999999999998, 0.3972, 0.65210000000000001, 0.089200000000000002, 0.20030000000000001, 0.0218, 0.41210000000000002, 0.37690000000000001, 0.10780000000000001, 0.47170000000000001, 0.49099999999999999, 0.78139999999999998, 0.51359999999999995, 0.56399999999999995, 0.52110000000000001, 0.71020000000000005, 0.499, 0.52070000000000005, 0.69650000000000001, 0.59140000000000004, 0.50780000000000003, 0.46460000000000001, 0.82169999999999999, 0.73770000000000002, 0.1444, 0.85019999999999996, 0.56720000000000004, 0.50280000000000002, 0.10299999999999999, 0.38200000000000001, 0.50480000000000003, 0.23910000000000001, 0.61160000000000003, 0.49120000000000003, 0.43980000000000002, 0.57769999999999999, 0.11609999999999999, 0.27110000000000001, 0.23369999999999999, 0.2079, 0.2152, 0.55830000000000002, 0.30280000000000001, 0.33860000000000001, 0.7147, 0.17000000000000001, 0.31759999999999999, 0.25580000000000003, 0.16270000000000001, 0.28560000000000002, 0.123, 0.13389999999999999, 0.76770000000000005, 0.66039999999999999, 0.4365, 0.72629999999999995, 0.3251, 0.50770000000000004, 0.30409999999999998, 0.25690000000000002, 0.31369999999999998, 0.52329999999999999, 0.87290000000000001, 0.5171, 0.63370000000000004, 0.28920000000000001, 0.48220000000000002, 0.7631, 0.72989999999999999, 0.89439999999999997, 0.58609999999999995, 0.4022, 0.88080000000000003, 0.79430000000000001, 0.27060000000000001, 0.60109999999999997, 0.7359, 0.74529999999999996, 0.062199999999999998, 0.31419999999999998, 0.70550000000000002, 0.42030000000000001, 0.88319999999999999, 0.7974, 0.52849999999999997, 0.90800000000000003, 0.36109999999999998, 0.34179999999999999, 0.82069999999999999, 0.3538, 0.074399999999999994, 0.26400000000000001, 0.60650000000000004, 0.27629999999999999, 0.65810000000000002, 0.61280000000000001, 0.002, 0.44350000000000001, 0.81840000000000002, 0.001, 0.049799999999999997, 0.060900000000000003, 0.628, 0.63339999999999996, 0.7903, 0.92620000000000002, 0.84050000000000002, 0.82789999999999997, 0.63859999999999995, 0.79779999999999995, 0.68869999999999998, 0.6855, 0.60650000000000004, 0.55920000000000003, 0.57220000000000004, 0.70809999999999995, 0.57989999999999997, 0.57350000000000001, 0.75880000000000003, 0.78959999999999997, 0.39629999999999999, 0.62849999999999995, 0.84089999999999998, 0.37709999999999999, 0.64900000000000002, 0.82750000000000001, 0.76219999999999999, 0.69489999999999996, 0.3211, 0.040500000000000001, 0.16839999999999999, 0.80679999999999996, 0.43619999999999998, 0.34429999999999999, 0.59830000000000005, 0.68189999999999995, 0.73099999999999998, 0.62790000000000001, 0.31859999999999999, 0.78390000000000004, 0.59130000000000005, 0.36209999999999998, 0.53720000000000001, 0.61429999999999996, 0.3921, 0.73140000000000005, -0.0071000000000000004, 0.93830000000000002, 0.12429999999999999, 0.032399999999999998, 0.16769999999999999, 0.67090000000000005, 0.86519999999999997, 0.78839999999999999, 0.96460000000000001, 0.87190000000000001, 0.84519999999999995, 0.54690000000000005, 0.69710000000000005, 0.3392, 0.36180000000000001, 0.66420000000000001, 0.74739999999999995, 0.83640000000000003, 0.76029999999999998, 0.76929999999999998, 0.56930000000000003, 0.53520000000000001, 0.31719999999999998, 0.62139999999999995, 0.8115, 0.58009999999999995, 0.628, 0.67520000000000002, 0.82689999999999997, 0.42770000000000002, 0.16900000000000001, 0.6724, 0.36980000000000002, 0.50470000000000004, 0.68049999999999999, 0.24030000000000001, 0.17349999999999999, 0.39729999999999999, 0.39679999999999999, 0.048399999999999999, 0.76370000000000005, 0.1578, 0.6875, 0.58279999999999998, 0.2666, 0.4778, 0.34949999999999998, 0.60309999999999997, 0.71589999999999998, 0.31090000000000001, 0.036299999999999999, 0.059200000000000003, -0.031800000000000002, 0.30399999999999999, 0.35599999999999998, 0.25019999999999998, 0.7349, 0.44650000000000001, 0.29509999999999997, 0.79100000000000004, 0.81620000000000004, 0.51790000000000003, 0.51300000000000001, 0.76090000000000002, 0.41649999999999998, 0.68789999999999996, 0.66990000000000005, 0.46189999999999998, 0.38769999999999999, 0.37590000000000001, 0.64510000000000001, 0.39279999999999998, -0.058200000000000002, 0.70350000000000001, 0.2828, 0.55030000000000001, 0.56479999999999997, 0.1208, -0.064500000000000002, 0.0028, 0.43059999999999998, 0.1174, 0.19, 0.17080000000000001, -0.055500000000000001, 0.16739999999999999, 0.086099999999999996, 0.64680000000000004, 0.17730000000000001, 0.79830000000000001, 0.65410000000000001, 0.20599999999999999, 0.024899999999999999, 0.41670000000000001, 0.58230000000000004, 0.6663, 0.27239999999999998, -0.15559999999999999, 0.036299999999999999, 0.076300000000000007, 0.52429999999999999, 0.46960000000000002, 0.54910000000000003, 0.69920000000000004, 0.48999999999999999, 0.38030000000000003, 0.4667, 0.74539999999999995, 0.47989999999999999, 0.50490000000000002, 0.83730000000000004, 0.24540000000000001, 0.72499999999999998, 0.6764, 0.40999999999999998, 0.4551, 0.33460000000000001, 0.47620000000000001, 0.39800000000000002, 0.76729999999999998, 0.74239999999999995, 0.67800000000000005, 0.67359999999999998, 0.10390000000000001, 0.32529999999999998, -0.090200000000000002, 0.14149999999999999, 0.2036, -0.028299999999999999, -0.091899999999999996, 0.19769999999999999, 0.18909999999999999, 0.0082000000000000007, 0.57450000000000001, 0.23089999999999999, 0.30840000000000001, 0.4279, 0.43070000000000003, 0.43990000000000001, -0.0070000000000000001, 0.49370000000000003, 0.12590000000000001, 0.072700000000000001, 0.29320000000000002, 0.1787, 0.010999999999999999, 0.15890000000000001, 0.42199999999999999, 0.064000000000000001, 0.316, 0.68200000000000005, 0.37409999999999999, 0.43459999999999999, 0.21820000000000001, 0.37390000000000001, 0.51529999999999998, 0.72009999999999996, 0.78149999999999997, 0.28739999999999999, 0.23569999999999999, 0.34010000000000001, 0.034200000000000001, 0.1172, 0.57299999999999995, 0.75249999999999995, 0.8175, 0.63990000000000002, 0.63729999999999998, 0.16850000000000001, -0.033700000000000001, -0.11940000000000001, 0.17660000000000001, 0.093399999999999997, 0.19409999999999999, 0.41749999999999998, 0.31590000000000001, 0.31019999999999998, 0.40479999999999999, 0.64580000000000004, 0.56730000000000003, 0.16109999999999999, 0.039699999999999999, 0.33160000000000001, 0.55959999999999999, 0.51429999999999998, 0.15049999999999999, 0.61129999999999995, 0.53879999999999995, 0.3498, 0.45350000000000001, 0.030700000000000002, 0.46210000000000001, 0.51390000000000002, 0.0608, 0.023900000000000001, 0.34920000000000001, -0.049099999999999998, -0.070599999999999996, -0.025700000000000001, -0.052900000000000003, 0.107, 0.64649999999999996, 0.46450000000000002, 0.76060000000000005, 0.6754, 0.67830000000000001, 0.55259999999999998, 0.22470000000000001, 0.084699999999999998, 0.66169999999999995, 0.67949999999999999, 0.4204, 0.35339999999999999, 0.31540000000000001, 0.3044, 0.21659999999999999, 0.64000000000000001, 0.54459999999999997, 0.42870000000000003, 0.36609999999999998, 0.75190000000000001, 0.87009999999999998, 0.31569999999999998, 0.46339999999999998, 0.42199999999999999, 0.44629999999999997, 0.87060000000000004, 0.86519999999999997, 0.872, 0.219, 0.45679999999999998, 0.54869999999999997, 0.1711, 0.74639999999999995, 0.62760000000000005, 0.2034, 0.4819, 0.2974, 0.25019999999999998, 0.29559999999999997, 0.18690000000000001, -0.016299999999999999, 0.11260000000000001, 0.26490000000000002, 0.46000000000000002, 0.70099999999999996, 0.71040000000000003, 0.67500000000000004, 0.87680000000000002, 0.73519999999999996, 0.68149999999999999, 0.73540000000000005, 0.65169999999999995, 0.84999999999999998, 0.39429999999999998, -0.1163, 0.3448, 0.68869999999999998, 0.5292, 0.24479999999999999, 0.3579, 0.45129999999999998, 0.56489999999999996, 0.75960000000000005, 0.64880000000000004, 0.84519999999999995, 0.7712, 0.098000000000000004, 0.18970000000000001, 0.39369999999999999, 0.43530000000000002, 0.28899999999999998, 0.00040000000000000002, 0.48060000000000003, 0.1096, 0.27650000000000002, 0.50719999999999998, 0.40989999999999999, 0.40200000000000002, 0.58919999999999995, 0.48139999999999999, 0.42959999999999998, 0.66949999999999998, 0.60019999999999996, 0.63129999999999997, 0.32540000000000002, 0.6532, 0.79190000000000005, 0.57489999999999997, 0.83779999999999999, 0.73719999999999997, 0.68899999999999995, 0.2878, 0.077399999999999997, 0.51539999999999997, 0.64159999999999995, 0.52559999999999996, 0.40400000000000003, 0.46829999999999999, 0.14699999999999999, 0.65080000000000005, 0.63229999999999997, 0.91239999999999999, 0.91800000000000004, 0.18029999999999999, 0.76219999999999999, 0.80169999999999997, 0.49569999999999997, 0.53400000000000003, 0.43030000000000002, 0.043499999999999997, 0.63419999999999999, 0.35720000000000002, 0.0172, 0.1658, 0.25629999999999997, 0.74060000000000004, -0.1057, 0.2873, 0.6754, 0.66910000000000003, 0.74160000000000004, 0.78439999999999999, 0.84950000000000003, 0.77939999999999998, 0.53490000000000004, 0.15179999999999999, 0.49590000000000001, 0.32579999999999998, 0.64359999999999995, 0.8337, 0.90939999999999999, 0.69569999999999999, 0.60050000000000003, 0.53620000000000001, 0.49270000000000003, 0.72160000000000002, 0.16980000000000001, 0.7792, 0.2989, 0.66639999999999999, 0.63160000000000005, 0.40110000000000001, 0.70489999999999997, 0.92149999999999999, 0.24560000000000001, 0.55669999999999997, 0.78820000000000001, 0.41570000000000001, 0.17460000000000001, 0.010200000000000001, 0.036999999999999998, 0.15160000000000001, 0.21329999999999999, 0.12709999999999999, 0.33360000000000001, 0.21060000000000001, 0.27510000000000001, 0.37230000000000002, 0.47289999999999999, 0.42070000000000002, 0.3231, 0.4123, 0.34029999999999999, 0.27710000000000001, 0.25359999999999999, 0.5988, 0.40250000000000002, 0.70309999999999995, 0.52629999999999999, 0.65280000000000005, 0.72819999999999996, 0.66359999999999997, 0.6744, 0.0872, 0.47170000000000001, 0.71850000000000003, 0.2626, 0.76590000000000003, 0.82769999999999999, 0.6552, 0.60589999999999999, 0.52939999999999998, 0.8891, 0.75060000000000004, 0.17780000000000001, 0.4466, 0.80389999999999995, 0.32440000000000002, 0.58289999999999997, 0.25800000000000001, 0.19189999999999999, 0.16689999999999999, 0.54810000000000003, 0.34589999999999999, 0.43930000000000002, 0.81989999999999996, 0.15939999999999999, -0.077600000000000002, 0.2157, 0.17699999999999999, 0.40479999999999999, 0.64849999999999997, 0.66779999999999995, 0.44950000000000001, 0.54079999999999995, 0.60929999999999995, 0.24429999999999999, 0.4975, 0.64870000000000005, 0.34279999999999999, 0.64670000000000005, 0.44950000000000001, 0.082400000000000001, 0.15659999999999999, 0.1578, 0.36370000000000002, 0.83830000000000005, 0.75039999999999996, 0.67559999999999998, 0.88339999999999996, 0.90849999999999997, 0.89239999999999997, 0.71779999999999999, 0.34079999999999999, 0.55489999999999995, 0.77659999999999996, 0.2495, -0.070499999999999993, 0.77580000000000005, 0.47549999999999998, 0.39100000000000001, 0.80310000000000004, 0.44080000000000003, 0.094899999999999998, 0.77680000000000005, -0.0033999999999999998, -0.055300000000000002, -0.062799999999999995, 0.29020000000000001, 0.24460000000000001, 0.70760000000000001, 0.88360000000000005, 0.86450000000000005, 0.86309999999999998, 0.89629999999999999, 0.61460000000000004, 0.52080000000000004, 0.8165, 0.86109999999999998, 0.087300000000000003, 0.61980000000000002, 0.67120000000000002, 0.41099999999999998, 0.054100000000000002, 0.53269999999999995, 0.70650000000000002, 0.59899999999999998, 0.73470000000000002, 0.75990000000000002, 0.69910000000000005, 0.76649999999999996, 0.26529999999999998, 0.63660000000000005, 0.82479999999999998, 0.42249999999999999, 0.092200000000000004, 0.077700000000000005, 0.56620000000000004, 0.031, 0.16189999999999999, 0.28839999999999999, 0.30370000000000003, -0.031600000000000003, 0.26069999999999999, -0.0077000000000000002, 0.39789999999999998, 0.66749999999999998, 0.47910000000000003, 0.52390000000000003, 0.58989999999999998, 0.60199999999999998, 0.47770000000000001, 0.66890000000000005, 0.76049999999999995, 0.82889999999999997, 0.82450000000000001, 0.44030000000000002, 0.62150000000000005, 0.62170000000000003, 0.83750000000000002, 0.66600000000000004, 0.65429999999999999, 0.1017, 0.54730000000000001, 0.27179999999999999, 0.1565, 0.84509999999999996, 0.58819999999999995, 0.4622, 0.76970000000000005, 0.74070000000000003, 0.75180000000000002, 0.74480000000000002, 0.3004, 0.33069999999999999, 0.1207, 0.32200000000000001, 0.1255, 0.44419999999999998, 0.1222, 0.0717, -0.0079000000000000008, -0.043200000000000002, 0.099299999999999999, 0.19550000000000001, 0.1389, 0.52339999999999998, 0.38619999999999999, 0.3589, 0.56459999999999999, 0.34770000000000001, 0.56440000000000001, 0.51300000000000001, 0.1244, 0.67379999999999995, 0.4975, 0.30940000000000001, 0.26600000000000001, 0.54759999999999998, 0.50929999999999997, 0.44209999999999999, 0.16420000000000001, 0.0436, 0.0115, 0.59750000000000003, 0.049700000000000001, 0.12479999999999999, 0.46289999999999998, 0.3584, 0.052200000000000003, 0.1023, -0.17510000000000001, -0.038800000000000001, 0.749, 0.11070000000000001, 0.58299999999999996, 0.1421, 0.072499999999999995, 0.2422, 0.54090000000000005, 0.23719999999999999, -0.0206, 0.44769999999999999, -0.017399999999999999, 0.3609, 0.2064, 0.80720000000000003, 0.12239999999999999, 0.83450000000000002, 0.75139999999999996, 0.70860000000000001, 0.63490000000000002, 0.41589999999999999, 0.47920000000000001, 0.0785, 0.66539999999999999, 0.41899999999999998, 0.2127, 0.30530000000000002, 0.53100000000000003, 0.70609999999999995, 0.57130000000000003, 0.5958, 0.68940000000000001, 0.83740000000000003, 0.5786, 0.13750000000000001, 0.48599999999999999, 0.064799999999999996, 0.12989999999999999, -0.0083999999999999995, 0.2969, 0.39779999999999999, 0.40050000000000002, 0.0298, 0.65680000000000005, 0.23719999999999999, 0.52310000000000001, 0.5111, 0.52290000000000003, 0.69830000000000003, 0.6159, 0.92279999999999995, 0.62250000000000005, 0.46139999999999998, 0.45450000000000002, 0.4456, 0.1598, 0.83720000000000006, 0.14080000000000001, 0.50409999999999999, 0.75780000000000003, 0.74390000000000001, 0.54420000000000002, 0.53610000000000002, 0.2235, 0.76590000000000003, 0.80469999999999997, 0.49759999999999999, 0.068500000000000005, 0.079500000000000001, 0.2177, -0.064899999999999999, 0.48159999999999997, 0.13830000000000001, 0.43709999999999999, 0.2213, 0.93510000000000004, -0.0060000000000000001, -0.0082000000000000007, 0.030200000000000001, 0.124, 0.3206, -0.0028, 0.23319999999999999, 0.48020000000000002, 0.13120000000000001, 0.12540000000000001, 0.215, 0.1628, 0.24199999999999999, 0.248, 0.51970000000000005, 0.034099999999999998, 0.58889999999999998, 0.75339999999999996, 0.78549999999999998, 0.73570000000000002, 0.67649999999999999, 0.74150000000000005, 0.89070000000000005, 0.70779999999999998, 0.85150000000000003, 0.97360000000000002, 0.72030000000000005, 0.5363, 0.77710000000000001, 0.62390000000000001, 0.216, 0.7167, 0.27150000000000002, 0.012699999999999999, 0.83909999999999996, 0.15859999999999999, 0.123, 0.30709999999999998, 0.3508, 0.52239999999999998, 0.68289999999999995, 0.10970000000000001, 0.44419999999999998, 0.057599999999999998, 0.74239999999999995, 0.66210000000000002, 0.40810000000000002, 0.77480000000000004, 0.86439999999999995, 0.86509999999999998, 0.1893, 0.37590000000000001, 0.82230000000000003, 0.87919999999999998, 0.1197, -0.033599999999999998, 0.12839999999999999, 0.1134, 0.098100000000000007, 0.379, 0.21279999999999999, -0.041000000000000002, -0.076799999999999993, 0.0022000000000000001, -0.0137, 0.18379999999999999, 0.22639999999999999, 0.38579999999999998, 0.83750000000000002, 0.26900000000000002, 0.49590000000000001, 0.20730000000000001, -0.0083999999999999995, 0.081199999999999994, 0.53949999999999998, 0.10589999999999999, 0.53039999999999998, 0.77790000000000004, 0.87749999999999995, 0.88390000000000002, 0.68689999999999996, 0.93710000000000004, 0.87580000000000002, 0.71819999999999995, -0.074099999999999999, 0.51149999999999995, 0.016799999999999999, -0.0448, 0.0533, 0.2928, -0.076300000000000007, -0.066299999999999998, 0.38979999999999998, 0.1086, 0.0499, 0.22009999999999999, 0.0155, 0.64829999999999999, 0.4894, 0.49370000000000003, 0.45240000000000002, 0.4511, 0.61639999999999995, 0.40539999999999998, 0.71099999999999997, 0.73850000000000005, 0.60089999999999999, 0.61939999999999995, 0.76439999999999997, 0.65100000000000002, 0.55089999999999995, 0.51090000000000002, 0.42880000000000001, 0.63149999999999995, 0.2823, 0.48370000000000002, -0.046600000000000003, 0.0424, 0.17430000000000001, 0.1598, -0.011299999999999999, -0.0448, -0.16339999999999999, 0.057000000000000002, -0.0344, -0.076899999999999996, 0.45779999999999998, 0.46970000000000001, 0.42259999999999998, -0.15240000000000001, 0.55489999999999995, 0.624, 0.6381, 0.66700000000000004, 0.76000000000000001, 0.5091, 0.52969999999999995, 0.85770000000000002, 0.59499999999999997, 0.79979999999999996, 0.67830000000000001, 0.8538, 0.74819999999999998, 0.67149999999999999, 0.6845, 0.097000000000000003, 0.43280000000000002, 0.053199999999999997, 0.044200000000000003, 0.33610000000000001, 0.35709999999999997, 0.28270000000000001, 0.2228, 0.2039, -0.062300000000000001, 0.23849999999999999, 0.56759999999999999, 0.91020000000000001, 0.76900000000000002, 0.81830000000000003, 0.84530000000000005, 0.91639999999999999, 0.88870000000000005, 0.91800000000000004, 0.85960000000000003, 0.75070000000000003, 0.74960000000000004, 0.80679999999999996, 0.44369999999999998, 0.80330000000000001, 0.79979999999999996, 0.65529999999999999, 0.68759999999999999, 0.44369999999999998, -0.054899999999999997, 0.26679999999999998, 0.40539999999999998, 0.1139, 0.073300000000000004, 0.48480000000000001, 0.25409999999999999, 0.19769999999999999, 0.0361, 0.1176, 0.48359999999999997, 0.67689999999999995, 0.52059999999999995, 0.56640000000000001, 0.69630000000000003, 0.57599999999999996, 0.48620000000000002, 0.64970000000000006, 0.55840000000000001, 0.39910000000000001, 0.72240000000000004, 0.77890000000000004, 0.90100000000000002, 0.83020000000000005, 0.80559999999999998, 0.43340000000000001, 0.22209999999999999, 0.1288, 0.2364, 0.72450000000000003, -0.038100000000000002, 0.057700000000000001, 0.058200000000000002, 0.38419999999999999, 0.36620000000000003, 0.0608, 0.17680000000000001, 0.74770000000000003, 0.77329999999999999, 0.6865, 0.53320000000000001, 0.35909999999999997, 0.62219999999999998, 0.76119999999999999, 0.89459999999999995, 0.69299999999999995, 0.30570000000000003, 0.66600000000000004, 0.78769999999999996, 0.88119999999999998, 0.7016, 0.72909999999999997, 0.60729999999999995, 0.16239999999999999, 0.30769999999999997, 0.57469999999999999, 0.28179999999999999, 0.70040000000000002, 0.62980000000000003, 0.27889999999999998, 0.41889999999999999, 0.057799999999999997, 0.2374, 0.5101, 0.84989999999999999, 0.71140000000000003, 0.2868, 0.40260000000000001, 0.61890000000000001, 0.44779999999999998, 0.72130000000000005, 0.7429, 0.14499999999999999, 0.89729999999999999, 0.77100000000000002, 0.83040000000000003, 0.622, 0.58179999999999998, 0.7651, 0.83350000000000002, 0.79979999999999996, 0.70950000000000002, 0.62460000000000004, 0.73629999999999995, 0.79479999999999995, 0.2928, 0.1331, 0.58679999999999999, 0.66020000000000001, 0.76749999999999996, 0.69489999999999996, 0.67869999999999997, 0.75449999999999995, 0.72960000000000003, 0.51049999999999995, 0.65400000000000003, 0.75290000000000001, 0.074800000000000005, 0.9083, 0.70179999999999998, 0.71530000000000005, 0.4924, 0.62719999999999998, 0.85129999999999995, 0.89890000000000003, 0.46279999999999999, 0.84060000000000001, 0.77649999999999997, 0.6331, 0.3715, 0.1489, 0.46789999999999998, 0.76919999999999999, 0.89580000000000004, 0.89859999999999995, 0.56399999999999995, 0.86850000000000005, 0.6845, 0.50409999999999999, 0.8669, 0.58579999999999999, 0.48220000000000002, 0.78459999999999996, 0.7379, 0.63400000000000001, 0.71040000000000003, 0.87360000000000004, 0.90059999999999996, 0.88490000000000002, 0.85450000000000004, 0.53769999999999996, 0.75870000000000004, 0.37309999999999999, 0.1608, 0.45739999999999997, 0.65139999999999998, 0.93430000000000002, 0.85860000000000003, 0.51600000000000001, 0.86060000000000003, 0.65090000000000003, 0.58620000000000005, 0.83689999999999998, 0.68210000000000004, 0.35139999999999999, 0.73440000000000005, 0.247, 0.54379999999999995, 0.63049999999999995, 0.021299999999999999, 0.20369999999999999, 0.57320000000000004, -0.021399999999999999, 0.098500000000000004, 0.60229999999999995, 0.39329999999999998, 0.18010000000000001, 0.4607, 0.45350000000000001, 0.27889999999999998, 0.13039999999999999, 0.71209999999999996, 0.34449999999999997, 0.4667, 0.48409999999999997, 0.6109, 0.24379999999999999, 0.78639999999999999, 0.74039999999999995, 0.51329999999999998, 0.27039999999999997, 0.68330000000000002, 0.89910000000000001, 0.51180000000000003, 0.3498, 0.69750000000000001, 0.62560000000000004, 0.21010000000000001, 0.50219999999999998, 0.70609999999999995, 0.59819999999999995, 0.63639999999999997, 0.1343, 0.61409999999999998, 0.67420000000000002, 0.71699999999999997, 0.7994, 0.27879999999999999, 0.78969999999999996, 0.79069999999999996, 0.79930000000000001, 0.59409999999999996, 0.8821, 0.62370000000000003, 0.4924, 0.49020000000000002, 0.41760000000000003, 0.36759999999999998, 0.48909999999999998, 0.68659999999999999, 0.57799999999999996, 0.3458, 0.43909999999999999, 0.40770000000000001, 0.56910000000000005, 0.42370000000000002, 0.82789999999999997, 0.72319999999999995, 0.80630000000000002, 0.7601, 0.45860000000000001, 0.92130000000000001, 0.62370000000000003, 0.6754, 0.46839999999999998, 0.12330000000000001, 0.44750000000000001, 0.53100000000000003, 0.78549999999999998, 0.73089999999999999, 0.74080000000000001, 0.71060000000000001, 0.32900000000000001, 0.90980000000000005, 0.87690000000000001, 0.86529999999999996, 0.58840000000000003, 0.91290000000000004, 0.83720000000000006, 0.65359999999999996, 0.62960000000000005, 0.59450000000000003, 0.63280000000000003, 0.124, 0.37209999999999999, 0.52680000000000005, 0.74609999999999999, 0.54190000000000005, 0.49640000000000001, 0.61070000000000002, 0.50609999999999999, 0.2797, 0.74590000000000001, 0.6794, 0.3881, 0.87350000000000005, 0.64470000000000005, 0.89329999999999998, 0.80579999999999996, 0.4602, 0.55740000000000001, 0.41820000000000002, 0.75260000000000005, 0.9335, 0.87509999999999999, 0.58720000000000006, 0.66459999999999997, 0.37869999999999998, 0.45800000000000002, 0.71319999999999995, 0.77959999999999996, 0.64959999999999996, 0.86780000000000002, 0.92730000000000001, 0.86919999999999997, 0.68530000000000002, 0.1797, 0.42949999999999999, 0.62539999999999996, 0.84619999999999995, 0.7379, 0.63770000000000004, 0.47470000000000001, 0.33889999999999998, 0.66159999999999997, 0.37419999999999998, 0.59909999999999997, 0.4385, 0.85650000000000004, 0.8881, 0.54559999999999997, 0.094100000000000003, 0.26790000000000003, 0.48749999999999999, 0.66339999999999999, 0.47520000000000001, 0.72860000000000003, 0.21579999999999999, 0.44850000000000001, 0.93979999999999997, 0.65269999999999995, 0.84770000000000001, 0.58409999999999995, 0.8478, 0.21859999999999999, 0.41739999999999999, 0.80110000000000003, 0.81720000000000004, 0.79749999999999999, 0.52600000000000002, 0.44240000000000002, 0.63939999999999997, 0.34100000000000003, 0.29330000000000001, 0.42059999999999997, 0.50690000000000002, 0.29980000000000001, 0.74450000000000005, 0.62250000000000005, 0.42520000000000002, 0.80489999999999995, 0.77869999999999995, 0.70530000000000004, 0.64229999999999998, 0.2964, 0.80269999999999997, 0.47599999999999998, 0.503, 0.56499999999999995, 0.48359999999999997, 0.55220000000000002, 0.11459999999999999, 0.63980000000000004, 0.69640000000000002, 0.35639999999999999, 0.36430000000000001, 0.14230000000000001, 0.59209999999999996, 0.1404, 0.68999999999999995, 0.59970000000000001, 0.068500000000000005, 0.41110000000000002, 0.71950000000000003, 0.37969999999999998, 0.2409, 0.66649999999999998, -0.029999999999999999, -0.079299999999999995, 0.1021, -0.0206, -0.079000000000000001, 0.043700000000000003, 0.80759999999999998, 0.62890000000000001, 0.13719999999999999, 0.65000000000000002, 0.1158, 0.21970000000000001, 0.60270000000000001, 0.1464, 0.37380000000000002, 0.60429999999999995, 0.84140000000000004, 0.38979999999999998, 0.70140000000000002, 0.4516, 0.7571, 0.57820000000000005, 0.69469999999999998, 0.73089999999999999, 0.81040000000000001, 0.70389999999999997, 0.61080000000000001, 0.76000000000000001, 0.9587, 0.80659999999999998, 0.56200000000000006, 0.83609999999999995, 0.63009999999999999, 0.72199999999999998, 0.73219999999999996, 0.61939999999999995, 0.84919999999999995, 0.66259999999999997, 0.74429999999999996, 0.73009999999999997, 0.77949999999999997, 0.76680000000000004, 0.86199999999999999, 0.76590000000000003, 0.84240000000000004, 0.82999999999999996, 0.67010000000000003, 0.75349999999999995, 0.80179999999999996, 0.7147, 0.74370000000000003, 0.72219999999999995, 0.876, 0.8196, 0.83330000000000004, 0.89380000000000004, 0.90659999999999996, 0.63429999999999997, 0.88770000000000004, 0.60780000000000001, 0.74209999999999998]"
1,IPCAS_1_deter_csa_con_ROIv_scale60,max,degrees,icc,0.729686842105,0.139495685976,0.9389,0.77015,"[0.80079999999999996, 0.65749999999999997, 0.64639999999999997, 0.60229999999999995, 0.84089999999999998, 0.49419999999999997, 0.71530000000000005, 0.78820000000000001, 0.87150000000000005, 0.61570000000000003, 0.7752, 0.70999999999999996, 0.68999999999999995, 0.72629999999999995, 0.87770000000000004, 0.6825, 0.66990000000000005, 0.73860000000000003, 0.79400000000000004, 0.82489999999999997, 0.74129999999999996, 0.84189999999999998, 0.68869999999999998, 0.39910000000000001, 0.75260000000000005, 0.79010000000000002, 0.93889999999999996, 0.77190000000000003, 0.64480000000000004, 0.63200000000000001, 0.87019999999999997, 0.46679999999999999, 0.87539999999999996, 0.52859999999999996, 0.81740000000000002, 0.83009999999999995, 0.85009999999999997, 0.79449999999999998, 0.78669999999999995, 0.72060000000000002, 0.82189999999999996, 0.90090000000000003, 0.92400000000000004, 0.85540000000000005, 0.44080000000000003, 0.46929999999999999, 0.80220000000000002, 0.78159999999999996, 0.80369999999999997, 0.7913, 0.81799999999999995, 0.91690000000000005, 0.83550000000000002, 0.88229999999999997, 0.76200000000000001, 0.90300000000000002, 0.9143, 0.39679999999999999, 0.55489999999999995, 0.3548, 0.69269999999999998, 0.7974, 0.27610000000000001, 0.80210000000000004, 0.70920000000000005, 0.64829999999999999, 0.79790000000000005, 0.83199999999999996, 0.65900000000000003, 0.53439999999999999, 0.64539999999999997, 0.64419999999999999, 0.76839999999999997, 0.8196, 0.78110000000000002, 0.53110000000000002, 0.70940000000000003, 0.73819999999999997, 0.69489999999999996, 0.85289999999999999, 0.83360000000000001, 0.76500000000000001, 0.64470000000000005, 0.42380000000000001, 0.91169999999999995, 0.67920000000000003, 0.87329999999999997, 0.63060000000000005, 0.65620000000000001, 0.84599999999999997, 0.79949999999999999, 0.75980000000000003, 0.59840000000000004, 0.62419999999999998, 0.74039999999999995, 0.8286, 0.87150000000000005, 0.59930000000000005, 0.88349999999999995, 0.80249999999999999, 0.86019999999999996, 0.57720000000000005, 0.4405, 0.5917, 0.79479999999999995, 0.88780000000000003, 0.64219999999999999, 0.76359999999999995, 0.7722, 0.84350000000000003, 0.85070000000000001, 0.90049999999999997, 0.84260000000000002, 0.51749999999999996]"
2,IPCAS_1_deter_csa_con_ROIv_scale60,max,closeness_centrality,icc,0.665099122807,0.119562279518,0.8693,0.69395,"[0.77059999999999995, 0.74009999999999998, 0.79359999999999997, 0.71109999999999995, 0.8054, 0.72689999999999999, 0.81220000000000003, 0.77470000000000006, 0.74390000000000001, 0.67659999999999998, 0.77190000000000003, 0.73270000000000002, 0.70030000000000003, 0.67669999999999997, 0.74939999999999996, 0.73699999999999999, 0.58919999999999995, 0.52470000000000006, 0.62849999999999995, 0.78069999999999995, 0.66969999999999996, 0.69520000000000004, 0.6341, 0.69369999999999998, 0.72560000000000002, 0.73270000000000002, 0.83069999999999999, 0.65969999999999995, 0.66169999999999995, 0.43869999999999998, 0.76119999999999999, 0.41389999999999999, 0.54600000000000004, 0.57720000000000005, 0.58760000000000001, 0.7903, 0.75580000000000003, 0.78800000000000003, 0.80420000000000003, 0.59770000000000001, 0.81159999999999999, 0.80030000000000001, 0.81850000000000001, 0.77639999999999998, 0.5282, 0.70940000000000003, 0.75190000000000001, 0.70640000000000003, 0.55230000000000001, 0.71199999999999997, 0.7419, 0.76459999999999995, 0.78400000000000003, 0.83650000000000002, 0.77890000000000004, 0.78690000000000004, 0.86929999999999996, 0.40250000000000002, 0.48070000000000002, 0.434, 0.70960000000000001, 0.75439999999999996, 0.40079999999999999, 0.4582, 0.53049999999999997, 0.53259999999999996, 0.6472, 0.71379999999999999, 0.6542, 0.59409999999999996, 0.64100000000000001, 0.52839999999999998, 0.66959999999999997, 0.7167, 0.61609999999999998, 0.55730000000000002, 0.66210000000000002, 0.76539999999999997, 0.61580000000000001, 0.7137, 0.70189999999999997, 0.70309999999999995, 0.69240000000000002, 0.49790000000000001, 0.55330000000000001, 0.5655, 0.68110000000000004, 0.58579999999999999, 0.66769999999999996, 0.79490000000000005, 0.64100000000000001, 0.748, 0.59740000000000004, 0.55559999999999998, 0.57120000000000004, 0.81299999999999994, 0.78380000000000005, 0.67710000000000004, 0.71789999999999998, 0.77239999999999998, 0.69420000000000004, 0.82169999999999999, 0.84419999999999995, 0.71519999999999995, 0.54679999999999995, 0.68700000000000006, 0.40460000000000002, 0.40000000000000002, 0.56689999999999996, 0.39290000000000003, 0.44090000000000001, 0.67630000000000001, 0.56969999999999998, 0.4022]"
3,IPCAS_1_deter_csa_con_ROIv_scale60,max,betweenness_centrality,icc,0.570935135135,0.233278032178,0.9136,0.6295,"[0.5877, 0.4491, 0.0339, nan, 0.62570000000000003, 0.0, 0.2137, 0.69979999999999998, 0.76849999999999996, 0.41699999999999998, 0.80969999999999998, 0.75409999999999999, 0.73999999999999999, 0.52010000000000001, 0.26979999999999998, 0.59670000000000001, 0.5766, 0.63249999999999995, 0.55479999999999996, 0.623, 0.30499999999999999, 0.64729999999999999, 0.70009999999999994, 0.46429999999999999, 0.72160000000000002, 0.77480000000000004, 0.91359999999999997, 0.45889999999999997, 0.67020000000000002, 0.69030000000000002, 0.57240000000000002, 0.62949999999999995, 0.58879999999999999, 0.55730000000000002, 0.68779999999999997, 0.18609999999999999, 0.4219, 0.38040000000000002, 0.49690000000000001, 0.19750000000000001, 0.68859999999999999, 0.63370000000000004, 0.90369999999999995, 0.58840000000000003, -0.2099, 0.53500000000000003, 0.0, 0.84609999999999996, 0.6794, 0.46439999999999998, 0.093100000000000002, 0.61350000000000005, 0.32340000000000002, 0.54279999999999995, nan, 0.63880000000000003, 0.7903, 0.70389999999999997, 0.48549999999999999, -0.0047999999999999996, nan, 0.64370000000000005, 0.29430000000000001, 0.33360000000000001, 0.87890000000000001, 0.4103, 0.49659999999999999, 0.53879999999999995, 0.78439999999999999, 0.66900000000000004, 0.72299999999999998, 0.65880000000000005, 0.68799999999999994, 0.56440000000000001, 0.79000000000000004, 0.48049999999999998, 0.55920000000000003, 0.72399999999999998, 0.6542, 0.75929999999999997, 0.82130000000000003, 0.36990000000000001, 0.50719999999999998, 0.1085, 0.80559999999999998, 0.69599999999999995, 0.82099999999999995, 0.50749999999999995, 0.83530000000000004, 0.85340000000000005, 0.86519999999999997, 0.6069, 0.31850000000000001, 0.65169999999999995, 0.74299999999999999, 0.89839999999999998, 0.77690000000000003, 0.72240000000000004, 0.73199999999999998, 0.59570000000000001, 0.63260000000000005, 0.47889999999999999, 0.84099999999999997, 0.1968, 0.65539999999999998, 0.76719999999999999, 0.63519999999999999, 0.47349999999999998, 0.85660000000000003, 0.72599999999999998, 0.88149999999999995, -0.0066, 0.79220000000000002, 0.30280000000000001]"
4,IPCAS_1_deter_csa_con_ROIv_scale60,max,eigenvector_centrality,icc,0.617627192982,0.185444217406,0.9232,0.66655,"[0.91720000000000002, 0.69569999999999999, 0.80379999999999996, 0.62909999999999999, 0.80000000000000004, 0.67859999999999998, 0.66090000000000004, 0.73009999999999997, 0.60529999999999995, 0.72140000000000004, 0.69379999999999997, 0.52400000000000002, 0.52490000000000003, 0.47289999999999999, 0.67220000000000002, 0.76329999999999998, 0.58699999999999997, 0.51800000000000002, 0.49209999999999998, 0.72909999999999997, 0.58250000000000002, 0.5595, 0.28239999999999998, 0.76190000000000002, 0.58409999999999995, 0.73839999999999995, 0.85409999999999997, 0.45390000000000003, 0.2228, 0.28210000000000002, 0.76819999999999999, 0.33589999999999998, 0.76770000000000005, 0.22600000000000001, 0.54200000000000004, 0.64839999999999998, 0.73129999999999995, 0.71109999999999995, 0.70089999999999997, 0.64970000000000006, 0.69269999999999998, 0.7369, 0.62890000000000001, 0.53180000000000005, 0.22140000000000001, 0.37730000000000002, 0.80369999999999997, 0.68010000000000004, 0.67559999999999998, 0.81950000000000001, 0.70799999999999996, 0.86539999999999995, 0.85980000000000001, 0.83860000000000001, 0.80359999999999998, 0.90000000000000002, 0.92320000000000002, 0.62139999999999995, 0.56430000000000002, 0.26569999999999999, 0.64770000000000005, 0.68720000000000003, 0.50860000000000005, 0.83420000000000005, 0.77010000000000001, 0.75260000000000005, 0.70889999999999997, 0.75849999999999995, 0.68840000000000001, 0.72160000000000002, 0.62519999999999998, 0.75019999999999998, 0.59850000000000003, 0.70020000000000004, 0.3664, 0.5282, 0.2797, 0.58819999999999995, 0.37319999999999998, 0.23580000000000001, 0.5444, 0.47839999999999999, 0.24179999999999999, 0.18479999999999999, 0.79559999999999997, 0.28270000000000001, 0.55830000000000002, 0.2127, 0.30730000000000002, 0.65890000000000004, 0.57089999999999996, 0.42770000000000002, 0.43099999999999999, 0.49440000000000001, 0.71960000000000002, 0.88890000000000002, 0.79310000000000003, 0.59330000000000005, 0.82379999999999998, 0.78720000000000001, 0.74550000000000005, 0.43109999999999998, 0.42259999999999998, 0.52359999999999995, 0.81950000000000001, 0.78300000000000003, 0.46910000000000002, 0.745, 0.51770000000000005, 0.71750000000000003, 0.84340000000000004, 0.82599999999999996, 0.80389999999999995, 0.70320000000000005]"
5,IPCAS_1_deter_csa_con_ROIv_scale60,max,pagerank,icc,0.747235087719,0.140481858092,0.9611,0.76615,"[0.75690000000000002, 0.6724, 0.4723, 0.52639999999999998, 0.76500000000000001, 0.34410000000000002, 0.55220000000000002, 0.74970000000000003, 0.85970000000000002, 0.59419999999999995, 0.80379999999999996, 0.72599999999999998, 0.72540000000000004, 0.6976, 0.79490000000000005, 0.57320000000000004, 0.67359999999999998, 0.74160000000000004, 0.72789999999999999, 0.80640000000000001, 0.73170000000000002, 0.79820000000000002, 0.75980000000000003, 0.65969999999999995, 0.65339999999999998, 0.85309999999999997, 0.90800000000000003, 0.79490000000000005, 0.76319999999999999, 0.7571, 0.87339999999999995, 0.49909999999999999, 0.92789999999999995, 0.79149999999999998, 0.85529999999999995, 0.85360000000000003, 0.77610000000000001, 0.7974, 0.80620000000000003, 0.81610000000000005, 0.76100000000000001, 0.88949999999999996, 0.90610000000000002, 0.87309999999999999, 0.48820000000000002, 0.4204, 0.75390000000000001, 0.84430000000000005, 0.86829999999999996, 0.73370000000000002, 0.80610000000000004, 0.86019999999999996, 0.80969999999999998, 0.86240000000000006, 0.75070000000000003, 0.89119999999999999, 0.82869999999999999, 0.44090000000000001, 0.46050000000000002, 0.39879999999999999, 0.61780000000000002, 0.76029999999999998, 0.33210000000000001, 0.83679999999999999, 0.86419999999999997, 0.65510000000000002, 0.74099999999999999, 0.7772, 0.65680000000000005, 0.61750000000000005, 0.56059999999999999, 0.72099999999999997, 0.70279999999999998, 0.87060000000000004, 0.88839999999999997, 0.60440000000000005, 0.75690000000000002, 0.76729999999999998, 0.85919999999999996, 0.81230000000000002, 0.81689999999999996, 0.78090000000000004, 0.70009999999999994, 0.64290000000000003, 0.96109999999999995, 0.79110000000000003, 0.92989999999999995, 0.74099999999999999, 0.72709999999999997, 0.89139999999999997, 0.92720000000000002, 0.73480000000000001, 0.72689999999999999, 0.63160000000000005, 0.73780000000000001, 0.86219999999999997, 0.91569999999999996, 0.61350000000000005, 0.90210000000000001, 0.80649999999999999, 0.80669999999999997, 0.54959999999999998, 0.40899999999999997, 0.63639999999999997, 0.83550000000000002, 0.91849999999999998, 0.76839999999999997, 0.87729999999999997, 0.86899999999999999, 0.94440000000000002, 0.93630000000000002, 0.93400000000000005, 0.94179999999999997, 0.62819999999999998]"
6,IPCAS_1_deter_csa_con_ROIv_scale60,max,efficiency,icc,0.728129824561,0.118237943215,0.9203,0.747,"[0.84899999999999998, 0.7923, 0.81020000000000003, 0.7167, 0.83709999999999996, 0.7208, 0.85499999999999998, 0.84609999999999996, 0.8226, 0.70909999999999995, 0.78869999999999996, 0.745, 0.75249999999999995, 0.7016, 0.8528, 0.79049999999999998, 0.70979999999999999, 0.65490000000000004, 0.76219999999999999, 0.81489999999999996, 0.73329999999999995, 0.79669999999999996, 0.54420000000000002, 0.74199999999999999, 0.79779999999999995, 0.79849999999999999, 0.92030000000000001, 0.71060000000000001, 0.60350000000000004, 0.35649999999999998, 0.79890000000000005, 0.4536, 0.71489999999999998, 0.44619999999999999, 0.68559999999999999, 0.77370000000000005, 0.83789999999999998, 0.84640000000000004, 0.78659999999999997, 0.68879999999999997, 0.86829999999999996, 0.86439999999999995, 0.87690000000000001, 0.84040000000000004, 0.52400000000000002, 0.71109999999999995, 0.78420000000000001, 0.76649999999999996, 0.65549999999999997, 0.83620000000000005, 0.81820000000000004, 0.87060000000000004, 0.87260000000000004, 0.87829999999999997, 0.82630000000000003, 0.85950000000000004, 0.90759999999999996, 0.46560000000000001, 0.56200000000000006, 0.433, 0.73529999999999995, 0.83040000000000003, 0.48480000000000001, 0.65390000000000004, 0.60409999999999997, 0.60289999999999999, 0.69979999999999998, 0.81479999999999997, 0.70299999999999996, 0.60209999999999997, 0.70630000000000004, 0.62849999999999995, 0.749, 0.81320000000000003, 0.69330000000000003, 0.55620000000000003, 0.72750000000000004, 0.7712, 0.59009999999999996, 0.83599999999999997, 0.77849999999999997, 0.76229999999999998, 0.70269999999999999, 0.47370000000000001, 0.78000000000000003, 0.66200000000000003, 0.70940000000000003, 0.62470000000000003, 0.70220000000000005, 0.88319999999999999, 0.78469999999999995, 0.79879999999999995, 0.59230000000000005, 0.57820000000000005, 0.63419999999999999, 0.86409999999999998, 0.86250000000000004, 0.67130000000000001, 0.81530000000000002, 0.83809999999999996, 0.78690000000000004, 0.80510000000000004, 0.82550000000000001, 0.73899999999999999, 0.6835, 0.83479999999999999, 0.5403, 0.60680000000000001, 0.67300000000000004, 0.64149999999999996, 0.64380000000000004, 0.84519999999999995, 0.73560000000000003, 0.53620000000000001]"
7,IPCAS_1_deter_csa_con_ROIv_scale60,max,clustering_coefficient,icc,0.600525438596,0.16657094522,0.9315,0.62565,"[0.76639999999999997, 0.66649999999999998, 0.65790000000000004, 0.60950000000000004, 0.71860000000000002, 0.26079999999999998, 0.86870000000000003, 0.83599999999999997, 0.81659999999999999, 0.70269999999999999, 0.8861, 0.72499999999999998, 0.70409999999999995, 0.75609999999999999, 0.72509999999999997, 0.61019999999999996, 0.58779999999999999, 0.67310000000000003, 0.66159999999999997, 0.64510000000000001, 0.77100000000000002, 0.67979999999999996, 0.36919999999999997, 0.52500000000000002, 0.62849999999999995, 0.70530000000000004, 0.69799999999999995, 0.61570000000000003, 0.2848, 0.54500000000000004, 0.47189999999999999, 0.59489999999999998, 0.64939999999999998, 0.60940000000000005, 0.78620000000000001, 0.83230000000000004, 0.85940000000000005, 0.62050000000000005, 0.4803, 0.17510000000000001, 0.80430000000000001, 0.76629999999999998, 0.877, 0.76990000000000003, 0.4133, 0.29139999999999999, 0.23699999999999999, 0.69820000000000004, 0.63900000000000001, 0.62350000000000005, 0.59030000000000005, 0.58909999999999996, 0.81759999999999999, 0.9032, 0.69799999999999995, 0.93149999999999999, 0.82289999999999996, 0.24779999999999999, 0.61709999999999998, 0.2127, 0.71260000000000001, 0.52669999999999995, 0.42249999999999999, 0.73280000000000001, 0.63180000000000003, 0.54349999999999998, 0.64780000000000004, 0.64180000000000004, 0.33040000000000003, 0.54010000000000002, 0.60319999999999996, 0.51639999999999997, 0.64410000000000001, 0.59860000000000002, 0.53869999999999996, 0.48459999999999998, 0.29189999999999999, 0.56399999999999995, 0.62729999999999997, 0.43140000000000001, 0.75209999999999999, 0.61350000000000005, 0.69120000000000004, 0.67920000000000003, 0.64480000000000004, 0.628, 0.72440000000000004, 0.43669999999999998, 0.29599999999999999, 0.29820000000000002, 0.55940000000000001, 0.54610000000000003, 0.624, 0.57850000000000001, 0.73319999999999996, 0.53600000000000003, 0.28299999999999997, 0.78349999999999997, 0.73409999999999997, 0.37190000000000001, 0.41320000000000001, 0.33750000000000002, 0.47820000000000001, 0.4874, 0.69799999999999995, 0.55259999999999998, 0.66720000000000002, 0.48649999999999999, 0.66869999999999996, 0.37109999999999999, 0.51800000000000002, 0.6502, 0.66910000000000003, 0.58850000000000002]"
8,IPCAS_1_deter_csa_con_ROIv_scale60,max,triangles,icc,0.697943859649,0.148942625852,0.9488,0.72,"[0.75119999999999998, 0.57799999999999996, 0.74870000000000003, 0.63039999999999996, 0.83230000000000004, 0.51849999999999996, 0.77969999999999995, 0.77729999999999999, 0.85770000000000002, 0.65339999999999998, 0.78539999999999999, 0.7046, 0.67320000000000002, 0.70130000000000003, 0.89859999999999995, 0.67459999999999998, 0.55869999999999997, 0.70069999999999999, 0.68340000000000001, 0.73119999999999996, 0.7974, 0.77449999999999997, 0.65900000000000003, 0.27589999999999998, 0.70520000000000005, 0.70940000000000003, 0.92620000000000002, 0.71809999999999996, 0.65029999999999999, 0.67630000000000001, 0.79310000000000003, 0.61519999999999997, 0.86339999999999995, 0.67900000000000005, 0.79590000000000005, 0.83130000000000004, 0.85150000000000003, 0.85829999999999995, 0.83960000000000001, 0.66010000000000002, 0.82130000000000003, 0.87590000000000001, 0.89490000000000003, 0.74180000000000001, 0.51029999999999998, 0.3664, 0.79700000000000004, 0.70760000000000001, 0.81299999999999994, 0.77390000000000003, 0.84299999999999997, 0.87770000000000004, 0.85970000000000002, 0.88370000000000004, 0.63360000000000005, 0.9264, 0.94879999999999998, 0.39729999999999999, 0.53190000000000004, 0.43869999999999998, 0.62309999999999999, 0.72099999999999997, 0.28599999999999998, 0.74160000000000004, 0.63170000000000004, 0.61629999999999996, 0.7248, 0.76160000000000005, 0.45689999999999997, 0.49409999999999998, 0.58530000000000004, 0.56459999999999999, 0.64459999999999995, 0.73460000000000003, 0.62939999999999996, 0.32019999999999998, 0.60640000000000005, 0.83050000000000002, 0.78339999999999999, 0.71899999999999997, 0.83150000000000002, 0.65310000000000001, 0.52180000000000004, 0.29799999999999999, 0.86809999999999998, 0.43359999999999999, 0.80859999999999999, 0.61460000000000004, 0.46189999999999998, 0.75819999999999999, 0.68820000000000003, 0.6774, 0.628, 0.62760000000000005, 0.72740000000000005, 0.73819999999999997, 0.79010000000000002, 0.63170000000000004, 0.87609999999999999, 0.76590000000000003, 0.82630000000000003, 0.64200000000000002, 0.40689999999999998, 0.57320000000000004, 0.80589999999999995, 0.87749999999999995, 0.60329999999999995, 0.77359999999999995, 0.746, 0.84540000000000004, 0.81669999999999998, 0.88009999999999999, 0.83960000000000001, 0.49249999999999999]"
